      0              0
    0.1    1.07844e-05
    0.2     4.3203e-05
    0.3    9.74539e-05
    0.4    0.000173871
    0.5    0.000272929
    0.6    0.000395249
    0.7    0.000541609
    0.8    0.000712956
    0.9    0.000910417
      1     0.00113532
    1.1     0.00139191
    1.2      0.0016769
    1.3     0.00199478
    1.4     0.00234793
    1.5     0.00273908
    1.6     0.00317141
    1.7     0.00364854
    1.8     0.00417464
    1.9     0.00475455
      2     0.00539384
    2.1     0.00609898
    2.2     0.00687752
    2.3     0.00773827
    2.4     0.00869157
    2.5     0.00974966
    2.6      0.0109271
    2.7      0.0122411
    2.8      0.0137126
    2.9      0.0153669
      3      0.0172348
    3.1      0.0193545
    3.2      0.0217733
    3.3       0.024551
    3.4      0.0277637
    3.5      0.0315099
    3.6      0.0359187
    3.7      0.0411625
    3.8      0.0474765
    3.9      0.0551879
      4      0.0647653
    4.1      0.0768998
    4.2      0.0926495
    4.3       0.113708
    4.4       0.142936
    4.5       0.185518
    4.6       0.251726
    4.7       0.364554
    4.8       0.585143
    4.9        1.12206
      5        2.71496
    5.1        2.67237
    5.2        1.86431
    5.3        1.02703
    5.4       0.731281
    5.5       0.595725
    5.6       0.523143
    5.7       0.480338
    5.8       0.453404
    5.9       0.435654
      6       0.423541
    6.1       0.415045
    6.2       0.408951
    6.3       0.404497
    6.4        0.40119
    6.5         0.3987
    6.6       0.396801
    6.7       0.395337
    6.8       0.394196
    6.9         0.3933
      7        0.39259
    7.1       0.392023
    7.2       0.391566
    7.3       0.391196
    7.4       0.390895
    7.5       0.390647
    7.6       0.390444
    7.7       0.390275
    7.8       0.390134
    7.9       0.390016
      8       0.389917
    8.1       0.389833
    8.2       0.389762
    8.3       0.389702
    8.4        0.38965
    8.5       0.389606
    8.6       0.389568
    8.7       0.389535
    8.8       0.389507
    8.9       0.389482
      9       0.389461
    9.1       0.389442
    9.2       0.389426
    9.3       0.389411
    9.4       0.389399
    9.5       0.389388
    9.6       0.389378
    9.7       0.389369
    9.8       0.389361
    9.9       0.389355
     10       0.389348
   10.1       0.389343
   10.2       0.389338
   10.3       0.389334
   10.4        0.38933
   10.5       0.389326
   10.6       0.389323
   10.7        0.38932
   10.8       0.389318
   10.9       0.389315
     11       0.389313
   11.1       0.389311
   11.2        0.38931
   11.3       0.389308
   11.4       0.389307
   11.5       0.389305
   11.6       0.389304
   11.7       0.389303
   11.8       0.389302
   11.9       0.389301
     12         0.3893
   12.1         0.3893
   12.2       0.389299
   12.3       0.389298
   12.4       0.389298
   12.5       0.389297
   12.6       0.389297
   12.7       0.389296
   12.8       0.389296
   12.9       0.389295
     13       0.389295
   13.1       0.389295
   13.2       0.389294
   13.3       0.389294
   13.4       0.389294
   13.5       0.389293
   13.6       0.389293
   13.7       0.389293
   13.8       0.389293
   13.9       0.389293
     14       0.389292
   14.1       0.389292
   14.2       0.389292
   14.3       0.389292
   14.4       0.389292
   14.5       0.389292
   14.6       0.389292
   14.7       0.389291
   14.8       0.389291
   14.9       0.389291
     15       0.389291
   15.1       0.389291
   15.2       0.389291
   15.3       0.389291
   15.4       0.389291
   15.5       0.389291
   15.6       0.389291
   15.7       0.389291
   15.8       0.389291
   15.9       0.389291
     16        0.38929
   16.1        0.38929
   16.2        0.38929
   16.3        0.38929
   16.4        0.38929
   16.5        0.38929
   16.6        0.38929
   16.7        0.38929
   16.8        0.38929
   16.9        0.38929
     17        0.38929
   17.1        0.38929
   17.2        0.38929
   17.3        0.38929
   17.4        0.38929
   17.5        0.38929
   17.6        0.38929
   17.7        0.38929
   17.8        0.38929
   17.9        0.38929
     18        0.38929
   18.1        0.38929
   18.2        0.38929
   18.3        0.38929
   18.4        0.38929
   18.5        0.38929
   18.6        0.38929
   18.7        0.38929
   18.8        0.38929
   18.9        0.38929
     19        0.38929
   19.1        0.38929
   19.2        0.38929
   19.3        0.38929
   19.4        0.38929
   19.5        0.38929
   19.6        0.38929
   19.7        0.38929
   19.8        0.38929
   19.9        0.38929
     20        0.38929
   20.1        0.38929
   20.2        0.38929
   20.3        0.38929
   20.4        0.38929
   20.5        0.38929
   20.6        0.38929
   20.7        0.38929
   20.8        0.38929
   20.9        0.38929
     21        0.38929
   21.1        0.38929
   21.2        0.38929
   21.3        0.38929
   21.4        0.38929
   21.5        0.38929
   21.6        0.38929
   21.7        0.38929
   21.8        0.38929
   21.9        0.38929
     22        0.38929
   22.1        0.38929
   22.2        0.38929
   22.3        0.38929
   22.4        0.38929
   22.5        0.38929
   22.6        0.38929
   22.7        0.38929
   22.8        0.38929
   22.9        0.38929
     23        0.38929
   23.1        0.38929
   23.2        0.38929
   23.3        0.38929
   23.4        0.38929
   23.5        0.38929
   23.6        0.38929
   23.7        0.38929
   23.8        0.38929
   23.9       0.389291
     24       0.389291
   24.1       0.389291
   24.2       0.389291
   24.3       0.389291
   24.4       0.389291
   24.5       0.389291
   24.6       0.389291
   24.7       0.389291
   24.8       0.389291
   24.9       0.389291
     25       0.389291
   25.1       0.389291
   25.2       0.389292
   25.3       0.389292
   25.4       0.389292
   25.5       0.389292
   25.6       0.389292
   25.7       0.389292
   25.8       0.389292
   25.9       0.389293
     26       0.389293
   26.1       0.389293
   26.2       0.389293
   26.3       0.389293
   26.4       0.389294
   26.5       0.389294
   26.6       0.389294
   26.7       0.389295
   26.8       0.389295
   26.9       0.389295
     27       0.389296
   27.1       0.389296
   27.2       0.389297
   27.3       0.389297
   27.4       0.389298
   27.5       0.389298
   27.6       0.389299
   27.7         0.3893
   27.8       0.389301
   27.9       0.389301
     28       0.389302
   28.1       0.389303
   28.2       0.389305
   28.3       0.389306
   28.4       0.389307
   28.5       0.389309
   28.6        0.38931
   28.7       0.389312
   28.8       0.389314
   28.9       0.389316
     29       0.389319
   29.1       0.389321
   29.2       0.389324
   29.3       0.389328
   29.4       0.389331
   29.5       0.389335
   29.6        0.38934
   29.7       0.389345
   29.8       0.389351
   29.9       0.389357
     30       0.389364
   30.1       0.389372
   30.2       0.389381
   30.3       0.389391
   30.4       0.389403
   30.5       0.389416
   30.6       0.389431
   30.7       0.389448
   30.8       0.389468
   30.9       0.389491
     31       0.389516
   31.1       0.389546
   31.2       0.389581
   31.3       0.389621
   31.4       0.389667
   31.5       0.389722
   31.6       0.389786
   31.7       0.389861
   31.8        0.38995
   31.9       0.390055
     32        0.39018
   32.1        0.39033
   32.2       0.390511
   32.3       0.390729
   32.4       0.390994
   32.5       0.391317
   32.6       0.391715
   32.7       0.392207
   32.8       0.392821
   32.9       0.393591
     33       0.394565
   33.1       0.395808
   33.2       0.397409
   33.3       0.399495
   33.4       0.402241
   33.5       0.405905
   33.6       0.410866
   33.7       0.417695
   33.8       0.427287
   33.9       0.441082
     34       0.461522
   34.1       0.492985
   34.2       0.543978
   34.3       0.632931
   34.4        0.80653
   34.5        1.21406
   34.6        2.48265
   34.7       0.175752
   34.8        2.64643
   34.9        1.51517
     35        1.16549
   35.1        1.02313
   35.2       0.954797
   35.3       0.918525
   35.4         0.8979
   35.5        0.88556
   35.6       0.877875
   35.7       0.872928
   35.8       0.869653
   35.9       0.867433
     36       0.865895
   36.1        0.86481
   36.2       0.864031
   36.3       0.863463
   36.4       0.863044
   36.5        0.86273
   36.6       0.862492
   36.7        0.86231
   36.8        0.86217
   36.9        0.86206
     37       0.861974
   37.1       0.861905
   37.2       0.861851
   37.3       0.861807
   37.4       0.861771
   37.5       0.861742
   37.6       0.861718
   37.7       0.861699
   37.8       0.861683
   37.9       0.861669
     38       0.861658
   38.1       0.861648
   38.2        0.86164
   38.3       0.861633
   38.4       0.861628
   38.5       0.861623
   38.6       0.861619
   38.7       0.861615
   38.8       0.861612
   38.9       0.861609
     39       0.861607
   39.1       0.861605
   39.2       0.861603
   39.3       0.861601
   39.4         0.8616
   39.5       0.861599
   39.6       0.861598
   39.7       0.861597
   39.8       0.861596
   39.9       0.861595
     40       0.861595
   40.1       0.861594
   40.2       0.861593
   40.3       0.861593
   40.4       0.861593
   40.5       0.861592
   40.6       0.861592
   40.7       0.861592
   40.8       0.861591
   40.9       0.861591
     41       0.861591
   41.1       0.861591
   41.2        0.86159
   41.3        0.86159
   41.4        0.86159
   41.5        0.86159
   41.6        0.86159
   41.7        0.86159
   41.8        0.86159
   41.9        0.86159
     42        0.86159
   42.1       0.861589
   42.2       0.861589
   42.3       0.861589
   42.4       0.861589
   42.5       0.861589
   42.6       0.861589
   42.7       0.861589
   42.8       0.861589
   42.9       0.861589
     43       0.861589
   43.1       0.861589
   43.2       0.861589
   43.3       0.861589
   43.4       0.861589
   43.5       0.861589
   43.6       0.861589
   43.7       0.861589
   43.8       0.861589
   43.9       0.861589
     44       0.861589
   44.1       0.861589
   44.2       0.861589
   44.3       0.861589
   44.4       0.861589
   44.5       0.861589
   44.6       0.861589
   44.7       0.861589
   44.8       0.861589
   44.9       0.861589
     45       0.861589
   45.1       0.861589
   45.2       0.861589
   45.3       0.861589
   45.4       0.861589
   45.5       0.861589
   45.6       0.861589
   45.7       0.861589
   45.8       0.861589
   45.9       0.861589
     46       0.861589
   46.1       0.861589
   46.2       0.861589
   46.3       0.861589
   46.4       0.861589
   46.5       0.861589
   46.6       0.861589
   46.7       0.861589
   46.8       0.861589
   46.9       0.861589
     47       0.861589
   47.1       0.861589
   47.2       0.861589
   47.3       0.861589
   47.4       0.861589
   47.5        0.86159
   47.6        0.86159
   47.7        0.86159
   47.8        0.86159
   47.9        0.86159
     48        0.86159
   48.1        0.86159
   48.2        0.86159
   48.3        0.86159
   48.4       0.861591
   48.5       0.861591
   48.6       0.861591
   48.7       0.861591
   48.8       0.861592
   48.9       0.861592
     49       0.861592
   49.1       0.861593
   49.2       0.861593
   49.3       0.861593
   49.4       0.861594
   49.5       0.861595
   49.6       0.861595
   49.7       0.861596
   49.8       0.861597
   49.9       0.861598
     50       0.861599
