 0 1 10 10 10 5 2 1
 0.1 1 10.5 10.2 10.1 5 2 1
 0.2 1 11 10.4 10.2 5 2 1
 0.3 1 11.5 10.6 10.3 5 2 1
 0.4 1 12 10.8 10.4 5 2 1
 0.5 1 12.5 11 10.5 5 2 1
 0.6 1 13 11.2 10.6 5 2 1
 0.7 1 13.5 11.4 10.7 5 2 1
 0.8 1 14 11.6 10.8 5 2 1
 0.9 1 14.5 11.8 10.9 5 2 1
 1 1 15 12 11 5 2 1
 1.1 1 15.505 12.202 11.101 5 2 1
 1.2 1 16.005 12.402 11.201 5 2 1
 1.3 1 16.505 12.602 11.301 5 2 1
 1.4 1 17.005 12.802 11.401 5 2 1
 1.5 1 17.505 13.002 11.501 5 2 1
 1.6 1 18.005 13.202 11.601 5 2 1
 1.7 1 18.505 13.402 11.701 5 2 1
 1.8 1 19.005 13.602 11.801 5 2 1
 1.9 1 19.505 13.802 11.901 5 2 1
 2 1 19.995 14.002 12.001 -5 2 1
 2.1 1 19.495 14.202 12.101 -5 2 1
 2.2 1 18.995 14.402 12.201 -5 2 1
 2.3 1 18.495 14.602 12.301 -5 2 1
 2.4 1 17.995 14.802 12.401 -5 2 1
 2.5 1 17.495 15.002 12.501 -5 2 1
 2.6 1 16.995 15.202 12.601 -5 2 1
 2.7 1 16.495 15.402 12.701 -5 2 1
 2.8 1 15.995 15.602 12.801 -5 2 1
 2.9 1 15.495 15.802 12.901 -5 2 1
 3 1 14.995 16.002 13.001 -5 2 1
 3.1 1 14.495 16.202 13.101 -5 2 1
 3.2 1 13.995 16.402 13.201 -5 2 1
 3.3 1 13.495 16.602 13.301 -5 2 1
 3.4 1 12.995 16.802 13.401 -5 2 1
 3.5 1 12.495 17.002 13.501 -5 2 1
 3.6 1 11.995 17.202 13.601 -5 2 1
 3.7 1 11.495 17.402 13.701 -5 2 1
 3.8 1 10.995 17.602 13.801 -5 2 1
 3.9 1 10.495 17.802 13.901 -5 2 1
 4 1 9.995 18.002 14.001 -5 2 1
 4.1 1 9.495 18.202 14.101 -5 2 1
 4.2 1 8.995 18.402 14.201 -5 2 1
 4.3 1 8.495 18.602 14.301 -5 2 1
 4.4 1 7.995 18.802 14.401 -5 2 1
 4.5 1 7.495 19.002 14.501 -5 2 1
 4.6 1 6.995 19.202 14.601 -5 2 1
 4.7 1 6.495 19.402 14.701 -5 2 1
 4.8 1 5.995 19.602 14.801 -5 2 1
 4.9 1 5.495 19.802 14.901 -5 2 1
 5 1 5 20 15 -5 2 1
 5.1 1 4.5 19.8 15.1 -5 -2 1
 5.2 1 4 19.6 15.2 -5 -2 1
 5.3 1 3.5 19.4 15.3 -5 -2 1
 5.4 1 3 19.2 15.4 -5 -2 1
 5.5 1 2.5 19 15.5 -5 -2 1
 5.6 1 2 18.8 15.6 -5 -2 1
 5.7 1 1.5 18.6 15.7 -5 -2 1
 5.8 1 1 18.4 15.8 -5 -2 1
 5.9 1 0.5 18.2 15.9 -5 -2 1
 6 1 4.47685e-13 18 16 5 -2 1
 6.1 1 0.5 17.8 16.1 5 -2 1
 6.2 1 1 17.6 16.2 5 -2 1
 6.3 1 1.5 17.4 16.3 5 -2 1
 6.4 1 2 17.2 16.4 5 -2 1
 6.5 1 2.5 17 16.5 5 -2 1
 6.6 1 3 16.8 16.6 5 -2 1
 6.7 1 3.5 16.6 16.7 5 -2 1
 6.8 1 4 16.4 16.8 5 -2 1
 6.9 1 4.5 16.2 16.9 5 -2 1
 7 1 5 16 17 5 -2 1
 7.1 1 5.5 15.8 17.1 5 -2 1
 7.2 1 6 15.6 17.2 5 -2 1
 7.3 1 6.5 15.4 17.3 5 -2 1
 7.4 1 7 15.2 17.4 5 -2 1
 7.5 1 7.5 15 17.5 5 -2 1
 7.6 1 8 14.8 17.6 5 -2 1
 7.7 1 8.5 14.6 17.7 5 -2 1
 7.8 1 9 14.4 17.8 5 -2 1
 7.9 1 9.5 14.2 17.9 5 -2 1
 8 1 10 14 18 5 -2 1
 8.1 1 10.5 13.8 18.1 5 -2 1
 8.2 1 11 13.6 18.2 5 -2 1
 8.3 1 11.5 13.4 18.3 5 -2 1
 8.4 1 12 13.2 18.4 5 -2 1
 8.5 1 12.5 13 18.5 5 -2 1
 8.6 1 13 12.8 18.6 5 -2 1
 8.7 1 13.5 12.6 18.7 5 -2 1
 8.8 1 14 12.4 18.8 5 -2 1
 8.9 1 14.5 12.2 18.9 5 -2 1
 9 1 15 12 19 5 -2 1
 9.1 1 15.5 11.8 19.1 5 -2 1
 9.2 1 16 11.6 19.2 5 -2 1
 9.3 1 16.5 11.4 19.3 5 -2 1
 9.4 1 17 11.2 19.4 5 -2 1
 9.5 1 17.5 11 19.5 5 -2 1
 9.6 1 18 10.8 19.6 5 -2 1
 9.7 1 18.5 10.6 19.7 5 -2 1
 9.8 1 19 10.4 19.8 5 -2 1
 9.9 1 19.505 10.198 19.901 5 -2 1
 10 1 19.995 9.998 19.999 -5 -2 -1
 10.1 1 19.495 9.798 19.899 -5 -2 -1
 10.2 1 18.995 9.598 19.799 -5 -2 -1
 10.3 1 18.495 9.398 19.699 -5 -2 -1
 10.4 1 17.995 9.198 19.599 -5 -2 -1
 10.5 1 17.495 8.998 19.499 -5 -2 -1
 10.6 1 16.995 8.798 19.399 -5 -2 -1
 10.7 1 16.495 8.598 19.299 -5 -2 -1
 10.8 1 15.995 8.398 19.199 -5 -2 -1
 10.9 1 15.495 8.198 19.099 -5 -2 -1
 11 1 14.995 7.998 18.999 -5 -2 -1
 11.1 1 14.495 7.798 18.899 -5 -2 -1
 11.2 1 13.995 7.598 18.799 -5 -2 -1
 11.3 1 13.495 7.398 18.699 -5 -2 -1
 11.4 1 12.995 7.198 18.599 -5 -2 -1
 11.5 1 12.495 6.998 18.499 -5 -2 -1
 11.6 1 11.995 6.798 18.399 -5 -2 -1
 11.7 1 11.495 6.598 18.299 -5 -2 -1
 11.8 1 10.995 6.398 18.199 -5 -2 -1
 11.9 1 10.495 6.198 18.099 -5 -2 -1
 12 1 9.995 5.998 17.999 -5 -2 -1
 12.1 1 9.495 5.798 17.899 -5 -2 -1
 12.2 1 8.995 5.598 17.799 -5 -2 -1
 12.3 1 8.495 5.398 17.699 -5 -2 -1
 12.4 1 7.995 5.198 17.599 -5 -2 -1
 12.5 1 7.495 4.998 17.499 -5 -2 -1
 12.6 1 6.995 4.798 17.399 -5 -2 -1
 12.7 1 6.495 4.598 17.299 -5 -2 -1
 12.8 1 5.995 4.398 17.199 -5 -2 -1
 12.9 1 5.495 4.198 17.099 -5 -2 -1
 13 1 4.995 3.998 16.999 -5 -2 -1
 13.1 1 4.495 3.798 16.899 -5 -2 -1
 13.2 1 3.995 3.598 16.799 -5 -2 -1
 13.3 1 3.495 3.398 16.699 -5 -2 -1
 13.4 1 2.995 3.198 16.599 -5 -2 -1
 13.5 1 2.495 2.998 16.499 -5 -2 -1
 13.6 1 1.995 2.798 16.399 -5 -2 -1
 13.7 1 1.495 2.598 16.299 -5 -2 -1
 13.8 1 0.995 2.398 16.199 -5 -2 -1
 13.9 1 0.495 2.198 16.099 -5 -2 -1
 14 1 0.005 1.998 15.999 5 -2 -1
 14.1 1 0.505 1.798 15.899 5 -2 -1
 14.2 1 1.005 1.598 15.799 5 -2 -1
 14.3 1 1.505 1.398 15.699 5 -2 -1
 14.4 1 2.005 1.198 15.599 5 -2 -1
 14.5 1 2.505 0.998 15.499 5 -2 -1
 14.6 1 3.005 0.798 15.399 5 -2 -1
 14.7 1 3.505 0.598 15.299 5 -2 -1
 14.8 1 4.005 0.398 15.199 5 -2 -1
 14.9 1 4.505 0.198 15.099 5 -2 -1
 15 1 5.005 0.002 14.999 5 2 -1
 15.1 1 5.505 0.202 14.899 5 2 -1
 15.2 1 6.005 0.402 14.799 5 2 -1
 15.3 1 6.505 0.602 14.699 5 2 -1
 15.4 1 7.005 0.802 14.599 5 2 -1
 15.5 1 7.505 1.002 14.499 5 2 -1
 15.6 1 8.005 1.202 14.399 5 2 -1
 15.7 1 8.505 1.402 14.299 5 2 -1
 15.8 1 9.005 1.602 14.199 5 2 -1
 15.9 1 9.505 1.802 14.099 5 2 -1
 16 1 10.005 2.002 13.999 5 2 -1
 16.1 1 10.505 2.202 13.899 5 2 -1
 16.2 1 11.005 2.402 13.799 5 2 -1
 16.3 1 11.505 2.602 13.699 5 2 -1
 16.4 1 12.005 2.802 13.599 5 2 -1
 16.5 1 12.505 3.002 13.499 5 2 -1
 16.6 1 13.005 3.202 13.399 5 2 -1
 16.7 1 13.505 3.402 13.299 5 2 -1
 16.8 1 14.005 3.602 13.199 5 2 -1
 16.9 1 14.505 3.802 13.099 5 2 -1
 17 1 15.005 4.002 12.999 5 2 -1
 17.1 1 15.505 4.202 12.899 5 2 -1
 17.2 1 16.005 4.402 12.799 5 2 -1
 17.3 1 16.505 4.602 12.699 5 2 -1
 17.4 1 17.005 4.802 12.599 5 2 -1
 17.5 1 17.505 5.002 12.499 5 2 -1
 17.6 1 18.005 5.202 12.399 5 2 -1
 17.7 1 18.505 5.402 12.299 5 2 -1
 17.8 1 19.005 5.602 12.199 5 2 -1
 17.9 1 19.505 5.802 12.099 5 2 -1
 18 1 19.995 6.002 11.999 -5 2 -1
 18.1 1 19.495 6.202 11.899 -5 2 -1
 18.2 1 18.995 6.402 11.799 -5 2 -1
 18.3 1 18.495 6.602 11.699 -5 2 -1
 18.4 1 17.995 6.802 11.599 -5 2 -1
 18.5 1 17.495 7.002 11.499 -5 2 -1
 18.6 1 16.995 7.202 11.399 -5 2 -1
 18.7 1 16.495 7.402 11.299 -5 2 -1
 18.8 1 15.995 7.602 11.199 -5 2 -1
 18.9 1 15.5 7.8 11.1 -5 2 -1
 19 1 15 8 11 -5 2 -1
 19.1 1 14.5 8.2 10.9 -5 2 -1
 19.2 1 14 8.4 10.8 -5 2 -1
 19.3 1 13.5 8.6 10.7 -5 2 -1
 19.4 1 13 8.8 10.6 -5 2 -1
 19.5 1 12.5 9 10.5 -5 2 -1
 19.6 1 12 9.2 10.4 -5 2 -1
 19.7 1 11.5 9.4 10.3 -5 2 -1
 19.8 1 11 9.6 10.2 -5 2 -1
 19.9 1 10.5 9.8 10.1 -5 2 -1
 20 1 10 10 10 -5 2 -1
