 0 1 8.5 10 10 0 0 0
 0 2 11.5 10 10 0 0 0
 0.1 1 8.50016 10 10 0.00328399 0 0
 0.1 2 11.4998 10 10 -0.00328399 0 0
 0.2 1 8.50065 10 10 0.006573 0 0
 0.2 2 11.4993 10 10 -0.006573 0 0
 0.3 1 8.50147 10 10 0.0098721 0 0
 0.3 2 11.4985 10 10 -0.0098721 0 0
 0.4 1 8.50263 10 10 0.0131864 0 0
 0.4 2 11.4974 10 10 -0.0131864 0 0
 0.5 1 8.50411 10 10 0.0165212 0 0
 0.5 2 11.4959 10 10 -0.0165212 0 0
 0.6 1 8.50593 10 10 0.0198818 0 0
 0.6 2 11.4941 10 10 -0.0198818 0 0
 0.7 1 8.50808 10 10 0.0232738 0 0
 0.7 2 11.4919 10 10 -0.0232738 0 0
 0.8 1 8.51058 10 10 0.0267029 0 0
 0.8 2 11.4894 10 10 -0.0267029 0 0
 0.9 1 8.51342 10 10 0.0301753 0 0
 0.9 2 11.4866 10 10 -0.0301753 0 0
 1 1 8.51661 10 10 0.0336972 0 0
 1 2 11.4834 10 10 -0.0336972 0 0
 1.1 1 8.5202 10 10 0.0373116 0 0
 1.1 2 11.4798 10 10 -0.0373116 0 0
 1.2 1 8.52411 10 10 0.040954 0 0
 1.2 2 11.4759 10 10 -0.040954 0 0
 1.3 1 8.52839 10 10 0.0446678 0 0
 1.3 2 11.4716 10 10 -0.0446678 0 0
 1.4 1 8.53304 10 10 0.0484611 0 0
 1.4 2 11.467 10 10 -0.0484611 0 0
 1.5 1 8.53808 10 10 0.0523429 0 0
 1.5 2 11.4619 10 10 -0.0523429 0 0
 1.6 1 8.54351 10 10 0.056323 0 0
 1.6 2 11.4565 10 10 -0.056323 0 0
 1.7 1 8.54934 10 10 0.0604121 0 0
 1.7 2 11.4507 10 10 -0.0604121 0 0
 1.8 1 8.55559 10 10 0.0646218 0 0
 1.8 2 11.4444 10 10 -0.0646218 0 0
 1.9 1 8.56227 10 10 0.0689651 0 0
 1.9 2 11.4377 10 10 -0.0689651 0 0
 2 1 8.56938 10 10 0.0734564 0 0
 2 2 11.4306 10 10 -0.0734564 0 0
 2.1 1 8.57696 10 10 0.0781115 0 0
 2.1 2 11.423 10 10 -0.0781115 0 0
 2.2 1 8.58501 10 10 0.0829485 0 0
 2.2 2 11.415 10 10 -0.0829485 0 0
 2.3 1 8.59355 10 10 0.0879875 0 0
 2.3 2 11.4065 10 10 -0.0879875 0 0
 2.4 1 8.60261 10 10 0.0932515 0 0
 2.4 2 11.3974 10 10 -0.0932515 0 0
 2.5 1 8.6122 10 10 0.0987663 0 0
 2.5 2 11.3878 10 10 -0.0987663 0 0
 2.6 1 8.62236 10 10 0.104562 0 0
 2.6 2 11.3776 10 10 -0.104562 0 0
 2.7 1 8.63312 10 10 0.110673 0 0
 2.7 2 11.3669 10 10 -0.110673 0 0
 2.8 1 8.6445 10 10 0.117139 0 0
 2.8 2 11.3555 10 10 -0.117139 0 0
 2.9 1 8.65655 10 10 0.124007 0 0
 2.9 2 11.3434 10 10 -0.124007 0 0
 3 1 8.66931 10 10 0.131331 0 0
 3 2 11.3307 10 10 -0.131331 0 0
 3.1 1 8.68283 10 10 0.139177 0 0
 3.1 2 11.3172 10 10 -0.139177 0 0
 3.2 1 8.69716 10 10 0.147623 0 0
 3.2 2 11.3028 10 10 -0.147623 0 0
 3.3 1 8.71237 10 10 0.156763 0 0
 3.3 2 11.2876 10 10 -0.156763 0 0
 3.4 1 8.72853 10 10 0.166711 0 0
 3.4 2 11.2715 10 10 -0.166711 0 0
 3.5 1 8.74573 10 10 0.177612 0 0
 3.5 2 11.2543 10 10 -0.177612 0 0
 3.6 1 8.76408 10 10 0.189641 0 0
 3.6 2 11.2359 10 10 -0.189641 0 0
 3.7 1 8.78369 10 10 0.203026 0 0
 3.7 2 11.2163 10 10 -0.203026 0 0
 3.8 1 8.80472 10 10 0.218058 0 0
 3.8 2 11.1953 10 10 -0.218058 0 0
 3.9 1 8.82736 10 10 0.235123 0 0
 3.9 2 11.1726 10 10 -0.235123 0 0
 4 1 8.85182 10 10 0.254737 0 0
 4 2 11.1482 10 10 -0.254737 0 0
 4.1 1 8.87839 10 10 0.277615 0 0
 4.1 2 11.1216 10 10 -0.277615 0 0
 4.2 1 8.90746 10 10 0.304773 0 0
 4.2 2 11.0925 10 10 -0.304773 0 0
 4.3 1 8.93951 10 10 0.337712 0 0
 4.3 2 11.0605 10 10 -0.337712 0 0
 4.4 1 8.97523 10 10 0.378749 0 0
 4.4 2 11.0248 10 10 -0.378749 0 0
 4.5 1 9.0156 10 10 0.431671 0 0
 4.5 2 10.9844 10 10 -0.431671 0 0
 4.6 1 9.06211 10 10 0.503137 0 0
 4.6 2 10.9379 10 10 -0.503137 0 0
 4.7 1 9.11718 10 10 0.606062 0 0
 4.7 2 10.8828 10 10 -0.606062 0 0
 4.8 1 9.18515 10 10 0.769111 0 0
 4.8 2 10.8148 10 10 -0.769111 0 0
 4.9 1 9.27516 10 10 1.06847 0 0
 4.9 2 10.7248 10 10 -1.06847 0 0
 5 1 9.40753 10 10 1.66214 0 0
 5 2 10.5925 10 10 -1.66214 0 0
 5.1 1 9.47077 10 10 -1.57493 0 0
 5.1 2 10.5292 10 10 1.57493 0 0
 5.2 1 9.31707 10 10 -1.241 0 0
 5.2 2 10.6829 10 10 1.241 0 0
 5.3 1 9.21463 10 10 -0.852704 0 0
 5.3 2 10.7854 10 10 0.852704 0 0
 5.4 1 9.14011 10 10 -0.654567 0 0
 5.4 2 10.8599 10 10 0.654567 0 0
 5.5 1 9.081 10 10 -0.535002 0 0
 5.5 2 10.919 10 10 0.535002 0 0
 5.6 1 9.03173 10 10 -0.454378 0 0
 5.6 2 10.9683 10 10 0.454378 0 0
 5.7 1 8.98933 10 10 -0.395869 0 0
 5.7 2 11.0107 10 10 0.395869 0 0
 5.8 1 8.95205 10 10 -0.351163 0 0
 5.8 2 11.048 10 10 0.351163 0 0
 5.9 1 8.91875 10 10 -0.315679 0 0
 5.9 2 11.0812 10 10 0.315679 0 0
 6 1 8.88866 10 10 -0.286679 0 0
 6 2 11.1113 10 10 0.286679 0 0
 6.1 1 8.86123 10 10 -0.262421 0 0
 6.1 2 11.1388 10 10 0.262421 0 0
 6.2 1 8.83604 10 10 -0.241746 0 0
 6.2 2 11.164 10 10 0.241746 0 0
 6.3 1 8.81277 10 10 -0.223846 0 0
 6.3 2 11.1872 10 10 0.223846 0 0
 6.4 1 8.79118 10 10 -0.208143 0 0
 6.4 2 11.2088 10 10 0.208143 0 0
 6.5 1 8.77107 10 10 -0.194213 0 0
 6.5 2 11.2289 10 10 0.194213 0 0
 6.6 1 8.75227 10 10 -0.181732 0 0
 6.6 2 11.2477 10 10 0.181732 0 0
 6.7 1 8.73467 10 10 -0.170454 0 0
 6.7 2 11.2653 10 10 0.170454 0 0
 6.8 1 8.71814 10 10 -0.160187 0 0
 6.8 2 11.2819 10 10 0.160187 0 0
 6.9 1 8.70259 10 10 -0.150775 0 0
 6.9 2 11.2974 10 10 0.150775 0 0
 7 1 8.68795 10 10 -0.142095 0 0
 7 2 11.312 10 10 0.142095 0 0
 7.1 1 8.67415 10 10 -0.134046 0 0
 7.1 2 11.3259 10 10 0.134046 0 0
 7.2 1 8.66112 10 10 -0.126545 0 0
 7.2 2 11.3389 10 10 0.126545 0 0
 7.3 1 8.64881 10 10 -0.119522 0 0
 7.3 2 11.3512 10 10 0.119522 0 0
 7.4 1 8.63719 10 10 -0.11292 0 0
 7.4 2 11.3628 10 10 0.11292 0 0
 7.5 1 8.62621 10 10 -0.106688 0 0
 7.5 2 11.3738 10 10 0.106688 0 0
 7.6 1 8.61584 10 10 -0.100785 0 0
 7.6 2 11.3842 10 10 0.100785 0 0
 7.7 1 8.60604 10 10 -0.0951743 0 0
 7.7 2 11.394 10 10 0.0951743 0 0
 7.8 1 8.59679 10 10 -0.0898247 0 0
 7.8 2 11.4032 10 10 0.0898247 0 0
 7.9 1 8.58806 10 10 -0.0847088 0 0
 7.9 2 11.4119 10 10 0.0847088 0 0
 8 1 8.57983 10 10 -0.0798027 0 0
 8 2 11.4202 10 10 0.0798027 0 0
 8.1 1 8.57209 10 10 -0.0750853 0 0
 8.1 2 11.4279 10 10 0.0750853 0 0
 8.2 1 8.56481 10 10 -0.0705379 0 0
 8.2 2 11.4352 10 10 0.0705379 0 0
 8.3 1 8.55797 10 10 -0.066144 0 0
 8.3 2 11.442 10 10 0.066144 0 0
 8.4 1 8.55157 10 10 -0.0618885 0 0
 8.4 2 11.4484 10 10 0.0618885 0 0
 8.5 1 8.54558 10 10 -0.0577581 0 0
 8.5 2 11.4544 10 10 0.0577581 0 0
 8.6 1 8.54001 10 10 -0.0537406 0 0
 8.6 2 11.46 10 10 0.0537406 0 0
 8.7 1 8.53483 10 10 -0.0498252 0 0
 8.7 2 11.4652 10 10 0.0498252 0 0
 8.8 1 8.53004 10 10 -0.0460016 0 0
 8.8 2 11.47 10 10 0.0460016 0 0
 8.9 1 8.52562 10 10 -0.0422606 0 0
 8.9 2 11.4744 10 10 0.0422606 0 0
 9 1 8.52158 10 10 -0.0385938 0 0
 9 2 11.4784 10 10 0.0385938 0 0
 9.1 1 8.5179 10 10 -0.0349933 0 0
 9.1 2 11.4821 10 10 0.0349933 0 0
 9.2 1 8.51457 10 10 -0.0314516 0 0
 9.2 2 11.4854 10 10 0.0314516 0 0
 9.3 1 8.5116 10 10 -0.027962 0 0
 9.3 2 11.4884 10 10 0.027962 0 0
 9.4 1 8.50898 10 10 -0.0245178 0 0
 9.4 2 11.491 10 10 0.0245178 0 0
 9.5 1 8.50669 10 10 -0.021113 0 0
 9.5 2 11.4933 10 10 0.021113 0 0
 9.6 1 8.50475 10 10 -0.0177416 0 0
 9.6 2 11.4953 10 10 0.0177416 0 0
 9.7 1 8.50314 10 10 -0.0143981 0 0
 9.7 2 11.4969 10 10 0.0143981 0 0
 9.8 1 8.50187 10 10 -0.0110769 0 0
 9.8 2 11.4981 10 10 0.0110769 0 0
 9.9 1 8.50091 10 10 -0.00773991 0 0
 9.9 2 11.4991 10 10 0.00773991 0 0
 10 1 8.5003 10 10 -0.00444791 0 0
 10 2 11.4997 10 10 0.00444791 0 0
 10.1 1 8.50002 10 10 -0.00116272 0 0
 10.1 2 11.5 10 10 0.00116272 0 0
 10.2 1 8.50007 10 10 0.00212069 0 0
 10.2 2 11.4999 10 10 -0.00212069 0 0
 10.3 1 8.50044 10 10 0.00540735 0 0
 10.3 2 11.4996 10 10 -0.00540735 0 0
 10.4 1 8.50115 10 10 0.00870229 0 0
 10.4 2 11.4989 10 10 -0.00870229 0 0
 10.5 1 8.50218 10 10 0.0120106 0 0
 10.5 2 11.4978 10 10 -0.0120106 0 0
 10.6 1 8.50355 10 10 0.0153375 0 0
 10.6 2 11.4965 10 10 -0.0153375 0 0
 10.7 1 8.50524 10 10 0.0186884 0 0
 10.7 2 11.4948 10 10 -0.0186884 0 0
 10.8 1 8.50728 10 10 0.0220686 0 0
 10.8 2 11.4927 10 10 -0.0220686 0 0
 10.9 1 8.50966 10 10 0.0254839 0 0
 10.9 2 11.4903 10 10 -0.0254839 0 0
 11 1 8.51238 10 10 0.0289402 0 0
 11 2 11.4876 10 10 -0.0289402 0 0
 11.1 1 8.51544 10 10 0.0324439 0 0
 11.1 2 11.4846 10 10 -0.0324439 0 0
 11.2 1 8.51886 10 10 0.0360014 0 0
 11.2 2 11.4811 10 10 -0.0360014 0 0
 11.3 1 8.52264 10 10 0.0396198 0 0
 11.3 2 11.4774 10 10 -0.0396198 0 0
 11.4 1 8.52678 10 10 0.0433067 0 0
 11.4 2 11.4732 10 10 -0.0433067 0 0
 11.5 1 8.5313 10 10 0.04707 0 0
 11.5 2 11.4687 10 10 -0.04707 0 0
 11.6 1 8.5362 10 10 0.0509185 0 0
 11.6 2 11.4638 10 10 -0.0509185 0 0
 11.7 1 8.54148 10 10 0.0548617 0 0
 11.7 2 11.4585 10 10 -0.0548617 0 0
 11.8 1 8.54717 10 10 0.0589098 0 0
 11.8 2 11.4528 10 10 -0.0589098 0 0
 11.9 1 8.55327 10 10 0.0630742 0 0
 11.9 2 11.4467 10 10 -0.0630742 0 0
 12 1 8.55978 10 10 0.0673672 0 0
 12 2 11.4402 10 10 -0.0673672 0 0
 12.1 1 8.56674 10 10 0.0718028 0 0
 12.1 2 11.4333 10 10 -0.0718028 0 0
 12.2 1 8.57415 10 10 0.0763963 0 0
 12.2 2 11.4259 10 10 -0.0763963 0 0
 12.3 1 8.58202 10 10 0.0811649 0 0
 12.3 2 11.418 10 10 -0.0811649 0 0
 12.4 1 8.59038 10 10 0.0861279 0 0
 12.4 2 11.4096 10 10 -0.0861279 0 0
 12.5 1 8.59925 10 10 0.0913071 0 0
 12.5 2 11.4008 10 10 -0.0913071 0 0
 12.6 1 8.60864 10 10 0.0967273 0 0
 12.6 2 11.3914 10 10 -0.0967273 0 0
 12.7 1 8.6186 10 10 0.102417 0 0
 12.7 2 11.3814 10 10 -0.102417 0 0
 12.8 1 8.62913 10 10 0.108409 0 0
 12.8 2 11.3709 10 10 -0.108409 0 0
 12.9 1 8.64028 10 10 0.11474 0 0
 12.9 2 11.3597 10 10 -0.11474 0 0
 13 1 8.65209 10 10 0.121456 0 0
 13 2 11.3479 10 10 -0.121456 0 0
 13.1 1 8.66458 10 10 0.128607 0 0
 13.1 2 11.3354 10 10 -0.128607 0 0
 13.2 1 8.67782 10 10 0.136255 0 0
 13.2 2 11.3222 10 10 -0.136255 0 0
 13.3 1 8.69184 10 10 0.144472 0 0
 13.3 2 11.3082 10 10 -0.144472 0 0
 13.4 1 8.70673 10 10 0.153347 0 0
 13.4 2 11.2933 10 10 -0.153347 0 0
 13.5 1 8.72253 10 10 0.162987 0 0
 13.5 2 11.2775 10 10 -0.162987 0 0
 13.6 1 8.73934 10 10 0.173522 0 0
 13.6 2 11.2607 10 10 -0.173522 0 0
 13.7 1 8.75726 10 10 0.185117 0 0
 13.7 2 11.2427 10 10 -0.185117 0 0
 13.8 1 8.7764 10 10 0.197978 0 0
 13.8 2 11.2236 10 10 -0.197978 0 0
 13.9 1 8.79689 10 10 0.212372 0 0
 13.9 2 11.2031 10 10 -0.212372 0 0
 14 1 8.81892 10 10 0.228645 0 0
 14 2 11.1811 10 10 -0.228645 0 0
 14.1 1 8.84268 10 10 0.24726 0 0
 14.1 2 11.1573 10 10 -0.24726 0 0
 14.2 1 8.86845 10 10 0.268851 0 0
 14.2 2 11.1316 10 10 -0.268851 0 0
 14.3 1 8.89656 10 10 0.294307 0 0
 14.3 2 11.1034 10 10 -0.294307 0 0
 14.4 1 8.92745 10 10 0.324925 0 0
 14.4 2 11.0725 10 10 -0.324925 0 0
 14.5 1 8.96174 10 10 0.362672 0 0
 14.5 2 11.0383 10 10 -0.362672 0 0
 14.6 1 9.00028 10 10 0.41069 0 0
 14.6 2 10.9997 10 10 -0.41069 0 0
 14.7 1 9.04434 10 10 0.474349 0 0
 14.7 2 10.9557 10 10 -0.474349 0 0
 14.8 1 9.09592 10 10 0.563661 0 0
 14.8 2 10.9041 10 10 -0.563661 0 0
 14.9 1 9.15849 10 10 0.699673 0 0
 14.9 2 10.8415 10 10 -0.699673 0 0
 15 1 9.23887 10 10 0.934578 0 0
 15 2 10.7611 10 10 -0.934578 0 0
 15.1 1 9.35309 10 10 1.41634 0 0
 15.1 2 10.6469 10 10 -1.41634 0 0
 15.2 1 9.49928 10 10 0.258063 0 0
 15.2 2 10.5007 10 10 -0.258063 0 0
 15.3 1 9.36497 10 10 -1.46665 0 0
 15.3 2 10.635 10 10 1.46665 0 0
 15.4 1 9.24667 10 10 -0.958379 0 0
 15.4 2 10.7533 10 10 0.958379 0 0
 15.5 1 9.16431 10 10 -0.712382 0 0
 15.5 2 10.8357 10 10 0.712382 0 0
 15.6 1 9.1006 10 10 -0.571574 0 0
 15.6 2 10.8994 10 10 0.571574 0 0
 15.7 1 9.04827 10 10 -0.47979 0 0
 15.7 2 10.9517 10 10 0.47979 0 0
 15.8 1 9.00369 10 10 -0.414689 0 0
 15.8 2 10.9963 10 10 0.414689 0 0
 15.9 1 8.96474 10 10 -0.365756 0 0
 15.9 2 11.0353 10 10 0.365756 0 0
 16 1 8.93014 10 10 -0.32739 0 0
 16 2 11.0699 10 10 0.32739 0 0
 16.1 1 8.89899 10 10 -0.296332 0 0
 16.1 2 11.101 10 10 0.296332 0 0
 16.2 1 8.87067 10 10 -0.270551 0 0
 16.2 2 11.1293 10 10 0.270551 0 0
 16.3 1 8.84472 10 10 -0.248714 0 0
 16.3 2 11.1553 10 10 0.248714 0 0
 16.4 1 8.82081 10 10 -0.229908 0 0
 16.4 2 11.1792 10 10 0.229908 0 0
 16.5 1 8.79865 10 10 -0.213482 0 0
 16.5 2 11.2014 10 10 0.213482 0 0
 16.6 1 8.77803 10 10 -0.198965 0 0
 16.6 2 11.222 10 10 0.198965 0 0
 16.7 1 8.75879 10 10 -0.186003 0 0
 16.7 2 11.2412 10 10 0.186003 0 0
 16.8 1 8.74078 10 10 -0.174324 0 0
 16.8 2 11.2592 10 10 0.174324 0 0
 16.9 1 8.72388 10 10 -0.163718 0 0
 16.9 2 11.2761 10 10 0.163718 0 0
 17 1 8.70799 10 10 -0.154018 0 0
 17 2 11.292 10 10 0.154018 0 0
 17.1 1 8.69304 10 10 -0.145092 0 0
 17.1 2 11.307 10 10 0.145092 0 0
 17.2 1 8.67894 10 10 -0.13683 0 0
 17.2 2 11.3211 10 10 0.13683 0 0
 17.3 1 8.66564 10 10 -0.129143 0 0
 17.3 2 11.3344 10 10 0.129143 0 0
 17.4 1 8.65309 10 10 -0.121959 0 0
 17.4 2 11.3469 10 10 0.121959 0 0
 17.5 1 8.64123 10 10 -0.115213 0 0
 17.5 2 11.3588 10 10 0.115213 0 0
 17.6 1 8.63003 10 10 -0.108855 0 0
 17.6 2 11.37 10 10 0.108855 0 0
 17.7 1 8.61944 10 10 -0.10284 0 0
 17.7 2 11.3806 10 10 0.10284 0 0
 17.8 1 8.60944 10 10 -0.0971299 0 0
 17.8 2 11.3906 10 10 0.0971299 0 0
 17.9 1 8.6 10 10 -0.0916911 0 0
 17.9 2 11.4 10 10 0.0916911 0 0
 18 1 8.59109 10 10 -0.0864953 0 0
 18 2 11.4089 10 10 0.0864953 0 0
 18.1 1 8.58269 10 10 -0.0815175 0 0
 18.1 2 11.4173 10 10 0.0815175 0 0
 18.2 1 8.57478 10 10 -0.0767355 0 0
 18.2 2 11.4252 10 10 0.0767355 0 0
 18.3 1 8.56733 10 10 -0.07213 0 0
 18.3 2 11.4327 10 10 0.07213 0 0
 18.4 1 8.56034 10 10 -0.0676835 0 0
 18.4 2 11.4397 10 10 0.0676835 0 0
 18.5 1 8.55379 10 10 -0.0633805 0 0
 18.5 2 11.4462 10 10 0.0633805 0 0
 18.6 1 8.54766 10 10 -0.0592073 0 0
 18.6 2 11.4523 10 10 0.0592073 0 0
 18.7 1 8.54194 10 10 -0.0551512 0 0
 18.7 2 11.4581 10 10 0.0551512 0 0
 18.8 1 8.53662 10 10 -0.0512008 0 0
 18.8 2 11.4634 10 10 0.0512008 0 0
 18.9 1 8.53174 10 10 -0.0473838 0 0
 18.9 2 11.4683 10 10 0.0473838 0 0
 19 1 8.52719 10 10 -0.0436138 0 0
 19 2 11.4728 10 10 0.0436138 0 0
 19.1 1 8.52301 10 10 -0.039921 0 0
 19.1 2 11.477 10 10 0.039921 0 0
 19.2 1 8.5192 10 10 -0.0362972 0 0
 19.2 2 11.4808 10 10 0.0362972 0 0
 19.3 1 8.51574 10 10 -0.0327349 0 0
 19.3 2 11.4843 10 10 0.0327349 0 0
 19.4 1 8.51264 10 10 -0.0292271 0 0
 19.4 2 11.4874 10 10 0.0292271 0 0
 19.5 1 8.50989 10 10 -0.0257671 0 0
 19.5 2 11.4901 10 10 0.0257671 0 0
 19.6 1 8.50749 10 10 -0.0223486 0 0
 19.6 2 11.4925 10 10 0.0223486 0 0
 19.7 1 8.50542 10 10 -0.0189657 0 0
 19.7 2 11.4946 10 10 0.0189657 0 0
 19.8 1 8.50369 10 10 -0.0156127 0 0
 19.8 2 11.4963 10 10 0.0156127 0 0
 19.9 1 8.50229 10 10 -0.012284 0 0
 19.9 2 11.4977 10 10 0.012284 0 0
 20 1 8.50123 10 10 -0.00897435 0 0
 20 2 11.4988 10 10 0.00897435 0 0
 20.1 1 8.50049 10 10 -0.0056785 0 0
 20.1 2 11.4995 10 10 0.0056785 0 0
 20.2 1 8.50009 10 10 -0.00239135 0 0
 20.2 2 11.4999 10 10 0.00239135 0 0
 20.3 1 8.50001 10 10 0.000892138 0 0
 20.3 2 11.5 10 10 -0.000892138 0 0
 20.4 1 8.50026 10 10 0.00417699 0 0
 20.4 2 11.4997 10 10 -0.00417699 0 0
 20.5 1 8.50084 10 10 0.00746824 0 0
 20.5 2 11.4992 10 10 -0.00746824 0 0
 20.6 1 8.50175 10 10 0.010771 0 0
 20.6 2 11.4982 10 10 -0.010771 0 0
 20.7 1 8.503 10 10 0.0140903 0 0
 20.7 2 11.497 10 10 -0.0140903 0 0
 20.8 1 8.50457 10 10 0.0174316 0 0
 20.8 2 11.4954 10 10 -0.0174316 0 0
 20.9 1 8.50648 10 10 0.0208001 0 0
 20.9 2 11.4935 10 10 -0.0208001 0 0
 21 1 8.50873 10 10 0.0242016 0 0
 21 2 11.4913 10 10 -0.0242016 0 0
 21.1 1 8.51132 10 10 0.0276419 0 0
 21.1 2 11.4887 10 10 -0.0276419 0 0
 21.2 1 8.51425 10 10 0.0311271 0 0
 21.2 2 11.4857 10 10 -0.0311271 0 0
 21.3 1 8.51754 10 10 0.0346637 0 0
 21.3 2 11.4825 10 10 -0.0346637 0 0
 21.4 1 8.52118 10 10 0.0382585 0 0
 21.4 2 11.4788 10 10 -0.0382585 0 0
 21.5 1 8.52519 10 10 0.0419188 0 0
 21.5 2 11.4748 10 10 -0.0419188 0 0
 21.6 1 8.52957 10 10 0.0456525 0 0
 21.6 2 11.4704 10 10 -0.0456525 0 0
 21.7 1 8.53432 10 10 0.0494681 0 0
 21.7 2 11.4657 10 10 -0.0494681 0 0
 21.8 1 8.53946 10 10 0.0533747 0 0
 21.8 2 11.4605 10 10 -0.0533747 0 0
 21.9 1 8.545 10 10 0.0573823 0 0
 21.9 2 11.455 10 10 -0.0573823 0 0
 22 1 8.55094 10 10 0.0615017 0 0
 22 2 11.4491 10 10 -0.0615017 0 0
 22.1 1 8.5573 10 10 0.0657451 0 0
 22.1 2 11.4427 10 10 -0.0657451 0 0
 22.2 1 8.56409 10 10 0.0701257 0 0
 22.2 2 11.4359 10 10 -0.0701257 0 0
 22.3 1 8.57132 10 10 0.0746582 0 0
 22.3 2 11.4287 10 10 -0.0746582 0 0
 22.4 1 8.57902 10 10 0.0793591 0 0
 22.4 2 11.421 10 10 -0.0793591 0 0
 22.5 1 8.58719 10 10 0.084247 0 0
 22.5 2 11.4128 10 10 -0.084247 0 0
 22.6 1 8.59587 10 10 0.0893425 0 0
 22.6 2 11.4041 10 10 -0.0893425 0 0
 22.7 1 8.60507 10 10 0.0946695 0 0
 22.7 2 11.3949 10 10 -0.0946695 0 0
 22.8 1 8.61481 10 10 0.100255 0 0
 22.8 2 11.3852 10 10 -0.100255 0 0
 22.9 1 8.62512 10 10 0.106129 0 0
 22.9 2 11.3749 10 10 -0.106129 0 0
 23 1 8.63604 10 10 0.112329 0 0
 23 2 11.364 10 10 -0.112329 0 0
