 0 1 8.5 11.5 10 7.06306 0 0
 0 2 11.5 8.5 10 -7.06306 0 0
 0.1 1 9.20631 11.5 10 7.06306 -0.000591857 0
 0.1 2 10.7937 8.50002 10 -7.06306 0.000591857 0
 0.2 1 9.91261 11.4998 10 7.06306 -0.00292312 0
 0.2 2 10.0874 8.50018 10 -7.06306 0.00292312 0
 0.3 1 10.6189 11.4994 10 7.06305 -0.00568319 0
 0.3 2 9.38108 8.50062 10 -7.06305 0.00568319 0
 0.4 1 11.3252 11.4988 10 7.06305 -0.00656707 0
 0.4 2 8.67478 8.50124 10 -7.06305 0.00656707 0
 0.5 1 12.0315 11.4981 10 7.06305 -0.00671412 0
 0.5 2 7.96847 8.50191 10 -7.06305 0.00671412 0
 0.6 1 12.7378 11.4974 10 7.06305 -0.00673814 0
 0.6 2 7.26217 8.50258 10 -7.06305 0.00673814 0
 0.7 1 13.4441 11.4967 10 7.06305 -0.00674292 0
 0.7 2 6.55586 8.50326 10 -7.06305 0.00674292 0
 0.8 1 14.1504 11.4961 10 7.06305 -0.00674409 0
 0.8 2 5.84956 8.50393 10 -7.06305 0.00674409 0
 0.9 1 14.8567 11.4954 10 7.06305 -0.00674444 0
 0.9 2 5.14325 8.50461 10 -7.06305 0.00674444 0
 1 1 15.5631 11.4947 10 7.06305 -0.00674456 0
 1 2 4.43695 8.50528 10 -7.06305 0.00674456 0
 1.1 1 16.2764 11.494 10 7.06305 -0.0067446 0
 1.1 2 3.72358 8.50596 10 -7.06305 0.0067446 0
 1.2 1 16.9827 11.4934 10 7.06305 -0.00674462 0
 1.2 2 3.01727 8.50664 10 -7.06305 0.00674462 0
 1.3 1 17.689 11.4927 10 7.06305 -0.00674463 0
 1.3 2 2.31097 8.50731 10 -7.06305 0.00674463 0
 1.4 1 18.3953 11.492 10 7.06305 -0.00674463 0
 1.4 2 1.60466 8.50799 10 -7.06305 0.00674463 0
 1.5 1 19.1016 11.4913 10 7.06305 -0.00674464 0
 1.5 2 0.898357 8.50866 10 -7.06305 0.00674464 0
 1.6 1 19.8079 11.4907 10 7.06305 -0.00674464 0
 1.6 2 0.192052 8.50933 10 -7.06305 0.00674464 0
 1.7 1 19.4857 11.49 10 -7.06305 -0.00674464 0
 1.7 2 0.514254 8.51001 10 7.06305 0.00674464 0
 1.8 1 18.7794 11.4893 10 -7.06305 -0.00674464 0
 1.8 2 1.22056 8.51068 10 7.06305 0.00674464 0
 1.9 1 18.0731 11.4886 10 -7.06305 -0.00674464 0
 1.9 2 1.92686 8.51136 10 7.06305 0.00674464 0
 2 1 17.3668 11.488 10 -7.06305 -0.00674465 0
 2 2 2.63317 8.51203 10 7.06305 0.00674465 0
 2.1 1 16.6605 11.4873 10 -7.06305 -0.00674466 0
 2.1 2 3.33947 8.51271 10 7.06305 0.00674466 0
 2.2 1 15.9542 11.4866 10 -7.06305 -0.00674469 0
 2.2 2 4.04578 8.51338 10 7.06305 0.00674469 0
 2.3 1 15.2479 11.4859 10 -7.06305 -0.00674476 0
 2.3 2 4.75209 8.51406 10 7.06305 0.00674476 0
 2.4 1 14.5416 11.4853 10 -7.06305 -0.00674495 0
 2.4 2 5.45839 8.51473 10 7.06305 0.00674495 0
 2.5 1 13.8353 11.4846 10 -7.06305 -0.00674553 0
 2.5 2 6.1647 8.5154 10 7.06305 0.00674553 0
 2.6 1 13.129 11.4839 10 -7.06305 -0.0067477 0
 2.6 2 6.871 8.51608 10 7.06305 0.0067477 0
 2.7 1 12.4227 11.4832 10 -7.06305 -0.00675746 0
 2.7 2 7.57731 8.51675 10 7.06305 0.00675746 0
 2.8 1 11.7164 11.4826 10 -7.06305 -0.00681228 0
 2.8 2 8.28361 8.51743 10 7.06305 0.00681228 0
 2.9 1 11.0101 11.4819 10 -7.06305 -0.00716966 0
 2.9 2 8.98992 8.51813 10 7.06305 0.00716966 0
 3 1 10.3038 11.4811 10 -7.06305 -0.00898945 0
 3 2 9.69622 8.51891 10 7.06305 0.00898945 0
 3.1 1 9.59747 11.48 10 -7.06305 -0.0123208 0
 3.1 2 10.4025 8.51998 10 7.06305 0.0123208 0
 3.2 1 8.89117 11.4787 10 -7.06304 -0.0138262 0
 3.2 2 11.1088 8.5213 10 7.06304 0.0138262 0
 3.3 1 8.18486 11.4773 10 -7.06304 -0.0140993 0
 3.3 2 11.8151 8.5227 10 7.06304 0.0140993 0
 3.4 1 7.47856 11.4759 10 -7.06304 -0.0141416 0
 3.4 2 12.5214 8.52412 10 7.06304 0.0141416 0
 3.5 1 6.77226 11.4745 10 -7.06304 -0.0141493 0
 3.5 2 13.2277 8.52553 10 7.06304 0.0141493 0
 3.6 1 6.06595 11.4731 10 -7.06304 -0.0141511 0
 3.6 2 13.934 8.52695 10 7.06304 0.0141511 0
 3.7 1 5.35965 11.4716 10 -7.06304 -0.0141516 0
 3.7 2 14.6404 8.52836 10 7.06304 0.0141516 0
 3.8 1 4.65334 11.4702 10 -7.06304 -0.0141518 0
 3.8 2 15.3467 8.52978 10 7.06304 0.0141518 0
 3.9 1 3.94704 11.4688 10 -7.06304 -0.0141518 0
 3.9 2 16.053 8.53119 10 7.06304 0.0141518 0
 4 1 3.24074 11.4674 10 -7.06304 -0.0141518 0
 4 2 16.7593 8.53261 10 7.06304 0.0141518 0
 4.1 1 2.53443 11.466 10 -7.06304 -0.0141519 0
 4.1 2 17.4656 8.53402 10 7.06304 0.0141519 0
 4.2 1 1.82813 11.4646 10 -7.06304 -0.0141519 0
 4.2 2 18.1719 8.53544 10 7.06304 0.0141519 0
 4.3 1 1.12182 11.4631 10 -7.06304 -0.0141519 0
 4.3 2 18.8782 8.53685 10 7.06304 0.0141519 0
 4.4 1 0.415519 11.4617 10 -7.06304 -0.0141519 0
 4.4 2 19.5845 8.53827 10 7.06304 0.0141519 0
 4.5 1 0.290785 11.4603 10 7.06304 -0.0141519 0
 4.5 2 19.7092 8.53968 10 -7.06304 0.0141519 0
 4.6 1 0.99709 11.4589 10 7.06304 -0.0141519 0
 4.6 2 19.0029 8.5411 10 -7.06304 0.0141519 0
 4.7 1 1.70339 11.4575 10 7.06304 -0.0141519 0
 4.7 2 18.2966 8.54251 10 -7.06304 0.0141519 0
 4.8 1 2.4097 11.4561 10 7.06304 -0.0141519 0
 4.8 2 17.5903 8.54393 10 -7.06304 0.0141519 0
 4.9 1 3.116 11.4547 10 7.06304 -0.0141519 0
 4.9 2 16.884 8.54534 10 -7.06304 0.0141519 0
 5 1 3.81524 11.4533 10 7.06304 -0.0141519 0
 5 2 16.1848 8.54675 10 -7.06304 0.0141519 0
 5.1 1 4.52155 11.4518 10 7.06304 -0.014152 0
 5.1 2 15.4785 8.54816 10 -7.06304 0.014152 0
 5.2 1 5.22785 11.4504 10 7.06304 -0.0141521 0
 5.2 2 14.7721 8.54958 10 -7.06304 0.0141521 0
 5.3 1 5.93416 11.449 10 7.06304 -0.0141525 0
 5.3 2 14.0658 8.55099 10 -7.06304 0.0141525 0
 5.4 1 6.64046 11.4476 10 7.06304 -0.0141539 0
 5.4 2 13.3595 8.55241 10 -7.06304 0.0141539 0
 5.5 1 7.34676 11.4462 10 7.06304 -0.0141598 0
 5.5 2 12.6532 8.55382 10 -7.06304 0.0141598 0
 5.6 1 8.05307 11.4448 10 7.06304 -0.0141914 0
 5.6 2 11.9469 8.55524 10 -7.06304 0.0141914 0
 5.7 1 8.75937 11.4433 10 7.06304 -0.0144003 0
 5.7 2 11.2406 8.55667 10 -7.06304 0.0144003 0
 5.8 1 9.46568 11.4418 10 7.06304 -0.0157215 0
 5.8 2 10.5343 8.55815 10 -7.06304 0.0157215 0
 5.9 1 10.172 11.4401 10 7.06303 -0.0195567 0
 5.9 2 9.82802 8.5599 10 -7.06303 0.0195567 0
 6 1 10.8783 11.438 10 7.06302 -0.0222229 0
 6 2 9.12172 8.56201 10 -7.06302 0.0222229 0
 6.1 1 11.5846 11.4357 10 7.06302 -0.0227841 0
 6.1 2 8.41542 8.56427 10 -7.06302 0.0227841 0
 6.2 1 12.2909 11.4334 10 7.06302 -0.0228659 0
 6.2 2 7.70911 8.56656 10 -7.06302 0.0228659 0
 6.3 1 12.9972 11.4312 10 7.06302 -0.0228794 0
 6.3 2 7.00281 8.56884 10 -7.06302 0.0228794 0
 6.4 1 13.7035 11.4289 10 7.06302 -0.0228823 0
 6.4 2 6.29651 8.57113 10 -7.06302 0.0228823 0
 6.5 1 14.4098 11.4266 10 7.06302 -0.022883 0
 6.5 2 5.59021 8.57342 10 -7.06302 0.022883 0
 6.6 1 15.1161 11.4243 10 7.06302 -0.0228832 0
 6.6 2 4.88391 8.57571 10 -7.06302 0.0228832 0
 6.7 1 15.8224 11.422 10 7.06302 -0.0228833 0
 6.7 2 4.1776 8.578 10 -7.06302 0.0228833 0
 6.8 1 16.5287 11.4197 10 7.06302 -0.0228834 0
 6.8 2 3.4713 8.58028 10 -7.06302 0.0228834 0
 6.9 1 17.235 11.4174 10 7.06302 -0.0228834 0
 6.9 2 2.765 8.58257 10 -7.06302 0.0228834 0
 7 1 17.9413 11.4151 10 7.06302 -0.0228834 0
 7 2 2.0587 8.58486 10 -7.06302 0.0228834 0
 7.1 1 18.6476 11.4129 10 7.06302 -0.0228834 0
 7.1 2 1.3524 8.58715 10 -7.06302 0.0228834 0
 7.2 1 19.3539 11.4106 10 7.06302 -0.0228834 0
 7.2 2 0.646095 8.58944 10 -7.06302 0.0228834 0
 7.3 1 19.9398 11.4083 10 -7.06302 -0.0228834 0
 7.3 2 0.0602071 8.59173 10 7.06302 0.0228834 0
 7.4 1 19.2335 11.406 10 -7.06302 -0.0228834 0
 7.4 2 0.766509 8.59401 10 7.06302 0.0228834 0
 7.5 1 18.5272 11.4037 10 -7.06302 -0.0228834 0
 7.5 2 1.47281 8.5963 10 7.06302 0.0228834 0
 7.6 1 17.8209 11.4014 10 -7.06302 -0.0228834 0
 7.6 2 2.17911 8.59859 10 7.06302 0.0228834 0
 7.7 1 17.1146 11.3991 10 -7.06302 -0.0228834 0
 7.7 2 2.88541 8.60088 10 7.06302 0.0228834 0
 7.8 1 16.4083 11.3968 10 -7.06302 -0.0228834 0
 7.8 2 3.59172 8.60317 10 7.06302 0.0228834 0
 7.9 1 15.702 11.3945 10 -7.06302 -0.0228834 0
 7.9 2 4.29802 8.60546 10 7.06302 0.0228834 0
 8 1 14.9957 11.3923 10 -7.06302 -0.0228835 0
 8 2 5.00432 8.60774 10 7.06302 0.0228835 0
 8.1 1 14.2894 11.39 10 -7.06302 -0.0228838 0
 8.1 2 5.71062 8.61003 10 7.06302 0.0228838 0
 8.2 1 13.5831 11.3877 10 -7.06302 -0.0228847 0
 8.2 2 6.41692 8.61232 10 7.06302 0.0228847 0
 8.3 1 12.8768 11.3854 10 -7.06302 -0.0228884 0
 8.3 2 7.12323 8.61461 10 7.06302 0.0228884 0
 8.4 1 12.1705 11.3831 10 -7.06302 -0.0229074 0
 8.4 2 7.82953 8.6169 10 7.06302 0.0229074 0
 8.5 1 11.4642 11.3808 10 -7.06302 -0.0230324 0
 8.5 2 8.53583 8.61919 10 7.06302 0.0230324 0
 8.6 1 10.7579 11.3785 10 -7.06302 -0.0239643 0
 8.6 2 9.24213 8.62153 10 7.06302 0.0239643 0
 8.7 1 10.0516 11.3759 10 -7.063 -0.028181 0
 8.7 2 9.94843 8.6241 10 7.063 0.028181 0
 8.8 1 9.34527 11.3728 10 -7.06298 -0.0329481 0
 8.8 2 10.6547 8.62718 10 7.06298 0.0329481 0
 8.9 1 8.63897 11.3694 10 -7.06297 -0.0341877 0
 8.9 2 11.361 8.63056 10 7.06297 0.0341877 0
 9 1 7.93267 11.366 10 -7.06297 -0.0343574 0
 9 2 12.0673 8.63399 10 7.06297 0.0343574 0
 9.1 1 7.22638 11.3626 10 -7.06297 -0.0343822 0
 9.1 2 12.7736 8.63743 10 7.06297 0.0343822 0
 9.2 1 6.52008 11.3591 10 -7.06297 -0.0343868 0
 9.2 2 13.4799 8.64086 10 7.06297 0.0343868 0
 9.3 1 5.81378 11.3557 10 -7.06297 -0.034388 0
 9.3 2 14.1862 8.6443 10 7.06297 0.034388 0
 9.4 1 5.10749 11.3523 10 -7.06297 -0.0343883 0
 9.4 2 14.8925 8.64774 10 7.06297 0.0343883 0
 9.5 1 4.40119 11.3488 10 -7.06297 -0.0343884 0
 9.5 2 15.5988 8.65118 10 7.06297 0.0343884 0
 9.6 1 3.69489 11.3454 10 -7.06297 -0.0343884 0
 9.6 2 16.3051 8.65462 10 7.06297 0.0343884 0
 9.7 1 2.98859 11.3419 10 -7.06297 -0.0343884 0
 9.7 2 17.0114 8.65806 10 7.06297 0.0343884 0
 9.8 1 2.2823 11.3385 10 -7.06297 -0.0343885 0
 9.8 2 17.7177 8.6615 10 7.06297 0.0343885 0
 9.9 1 1.56894 11.335 10 -7.06297 -0.0343885 0
 9.9 2 18.4311 8.66497 10 7.06297 0.0343885 0
 10 1 0.862639 11.3316 10 -7.06297 -0.0343885 0
 10 2 19.1374 8.66841 10 7.06297 0.0343885 0
 10.1 1 0.156341 11.3282 10 -7.06297 -0.0343885 0
 10.1 2 19.8437 8.67185 10 7.06297 0.0343885 0
 10.2 1 0.549956 11.3247 10 7.06297 -0.0343885 0
 10.2 2 19.45 8.67529 10 -7.06297 0.0343885 0
 10.3 1 1.25625 11.3213 10 7.06297 -0.0343885 0
 10.3 2 18.7437 8.67873 10 -7.06297 0.0343885 0
 10.4 1 1.96255 11.3178 10 7.06297 -0.0343885 0
 10.4 2 18.0374 8.68216 10 -7.06297 0.0343885 0
 10.5 1 2.66885 11.3144 10 7.06297 -0.0343885 0
 10.5 2 17.3312 8.6856 10 -7.06297 0.0343885 0
 10.6 1 3.37514 11.311 10 7.06297 -0.0343885 0
 10.6 2 16.6249 8.68904 10 -7.06297 0.0343885 0
 10.7 1 4.08144 11.3075 10 7.06297 -0.0343885 0
 10.7 2 15.9186 8.69248 10 -7.06297 0.0343885 0
 10.8 1 4.78774 11.3041 10 7.06297 -0.0343886 0
 10.8 2 15.2123 8.69592 10 -7.06297 0.0343886 0
 10.9 1 5.49404 11.3006 10 7.06297 -0.0343888 0
 10.9 2 14.506 8.69936 10 -7.06297 0.0343888 0
 11 1 6.20033 11.2972 10 7.06297 -0.0343894 0
 11 2 13.7997 8.7028 10 -7.06297 0.0343894 0
 11.1 1 6.90663 11.2938 10 7.06297 -0.0343917 0
 11.1 2 13.0934 8.70624 10 -7.06297 0.0343917 0
 11.2 1 7.61293 11.2903 10 7.06297 -0.0344034 0
 11.2 2 12.3871 8.70968 10 -7.06297 0.0344034 0
 11.3 1 8.31923 11.2869 10 7.06297 -0.0344798 0
 11.3 2 11.6808 8.71312 10 -7.06297 0.0344798 0
 11.4 1 9.02552 11.2834 10 7.06297 -0.0351291 0
 11.4 2 10.9745 8.71659 10 -7.06297 0.0351291 0
 11.5 1 9.73182 11.2797 10 7.06294 -0.03967 0
 11.5 2 10.2682 8.72027 10 -7.06294 0.03967 0
 11.6 1 10.4381 11.2753 10 7.06289 -0.0486743 0
 11.6 2 9.56189 8.7247 10 -7.06289 0.0486743 0
 11.7 1 11.1444 11.2702 10 7.06287 -0.0517964 0
 11.7 2 8.8556 8.72977 10 -7.06287 0.0517964 0
 11.8 1 11.8507 11.265 10 7.06286 -0.0521904 0
 11.8 2 8.14932 8.73497 10 -7.06286 0.0521904 0
 11.9 1 12.557 11.2598 10 7.06286 -0.0522389 0
 11.9 2 7.44303 8.74019 10 -7.06286 0.0522389 0
 12 1 13.2633 11.2546 10 7.06286 -0.0522468 0
 12 2 6.73674 8.74542 10 -7.06286 0.0522468 0
 12.1 1 13.9695 11.2494 10 7.06286 -0.0522485 0
 12.1 2 6.03046 8.75064 10 -7.06286 0.0522485 0
 12.2 1 14.6758 11.2441 10 7.06286 -0.0522489 0
 12.2 2 5.32417 8.75587 10 -7.06286 0.0522489 0
 12.3 1 15.3821 11.2389 10 7.06286 -0.0522491 0
 12.3 2 4.61788 8.76109 10 -7.06286 0.0522491 0
 12.4 1 16.0884 11.2337 10 7.06286 -0.0522491 0
 12.4 2 3.9116 8.76632 10 -7.06286 0.0522491 0
 12.5 1 16.7947 11.2285 10 7.06286 -0.0522491 0
 12.5 2 3.20531 8.77154 10 -7.06286 0.0522491 0
 12.6 1 17.501 11.2232 10 7.06286 -0.0522491 0
 12.6 2 2.49903 8.77677 10 -7.06286 0.0522491 0
 12.7 1 18.2073 11.218 10 7.06286 -0.0522491 0
 12.7 2 1.79274 8.78199 10 -7.06286 0.0522491 0
 12.8 1 18.9135 11.2128 10 7.06286 -0.0522491 0
 12.8 2 1.08645 8.78722 10 -7.06286 0.0522491 0
 12.9 1 19.6198 11.2076 10 7.06286 -0.0522491 0
 12.9 2 0.380167 8.79244 10 -7.06286 0.0522491 0
 13 1 19.6739 11.2023 10 -7.06286 -0.0522491 0
 13 2 0.326119 8.79767 10 7.06286 0.0522491 0
 13.1 1 18.9676 11.1971 10 -7.06286 -0.0522491 0
 13.1 2 1.03241 8.80289 10 7.06286 0.0522491 0
 13.2 1 18.2613 11.1919 10 -7.06286 -0.0522491 0
 13.2 2 1.73869 8.80812 10 7.06286 0.0522491 0
 13.3 1 17.555 11.1867 10 -7.06286 -0.0522492 0
 13.3 2 2.44498 8.81334 10 7.06286 0.0522492 0
 13.4 1 16.8487 11.1814 10 -7.06286 -0.0522492 0
 13.4 2 3.15126 8.81857 10 7.06286 0.0522492 0
 13.5 1 16.1424 11.1762 10 -7.06286 -0.0522492 0
 13.5 2 3.85755 8.82379 10 7.06286 0.0522492 0
 13.6 1 15.4362 11.171 10 -7.06286 -0.0522492 0
 13.6 2 4.56384 8.82902 10 7.06286 0.0522492 0
 13.7 1 14.7299 11.1658 10 -7.06286 -0.0522493 0
 13.7 2 5.27012 8.83424 10 7.06286 0.0522493 0
 13.8 1 14.0236 11.1605 10 -7.06286 -0.0522497 0
 13.8 2 5.97641 8.83947 10 7.06286 0.0522497 0
 13.9 1 13.3173 11.1553 10 -7.06286 -0.0522512 0
 13.9 2 6.6827 8.84469 10 7.06286 0.0522512 0
 14 1 12.611 11.1501 10 -7.06286 -0.0522581 0
 14 2 7.38898 8.84992 10 7.06286 0.0522581 0
 14.1 1 11.9047 11.1449 10 -7.06286 -0.0523035 0
 14.1 2 8.09527 8.85515 10 7.06286 0.0523035 0
 14.2 1 11.1984 11.1396 10 -7.06286 -0.0527338 0
 14.2 2 8.80155 8.86039 10 7.06286 0.0527338 0
 14.3 1 10.4922 11.1342 10 -7.06282 -0.0575153 0
 14.3 2 9.50784 8.86581 10 7.06282 0.0575153 0
 14.4 1 9.78589 11.1275 10 -7.06263 -0.0774971 0
 14.4 2 10.2141 8.87247 10 7.06263 0.0774971 0
 14.5 1 9.07963 11.1191 10 -7.06251 -0.0882151 0
 14.5 2 10.9204 8.8809 10 7.06251 0.0882151 0
 14.6 1 8.37338 11.1102 10 -7.06249 -0.0894087 0
 14.6 2 11.6266 8.8898 10 7.06249 0.0894087 0
 14.7 1 7.66713 11.1013 10 -7.06249 -0.0895192 0
 14.7 2 12.3329 8.89875 10 7.06249 0.0895192 0
 14.8 1 6.96088 11.0923 10 -7.06249 -0.0895337 0
 14.8 2 13.0391 8.9077 10 7.06249 0.0895337 0
 14.9 1 6.25464 11.0833 10 -7.06249 -0.0895364 0
 14.9 2 13.7454 8.91666 10 7.06249 0.0895364 0
 15 1 5.54839 11.0744 10 -7.06249 -0.0895371 0
 15 2 14.4516 8.92561 10 7.06249 0.0895371 0
 15.1 1 4.84214 11.0654 10 -7.06249 -0.0895373 0
 15.1 2 15.1579 8.93456 10 7.06249 0.0895373 0
 15.2 1 4.13589 11.0565 10 -7.06249 -0.0895373 0
 15.2 2 15.8641 8.94352 10 7.06249 0.0895373 0
 15.3 1 3.42964 11.0475 10 -7.06249 -0.0895374 0
 15.3 2 16.5704 8.95247 10 7.06249 0.0895374 0
 15.4 1 2.72339 11.0386 10 -7.06249 -0.0895374 0
 15.4 2 17.2766 8.96142 10 7.06249 0.0895374 0
 15.5 1 2.01714 11.0296 10 -7.06249 -0.0895374 0
 15.5 2 17.9829 8.97038 10 7.06249 0.0895374 0
 15.6 1 1.31089 11.0207 10 -7.06249 -0.0895374 0
 15.6 2 18.6891 8.97933 10 7.06249 0.0895374 0
 15.7 1 0.604645 11.0117 10 -7.06249 -0.0895374 0
 15.7 2 19.3954 8.98829 10 7.06249 0.0895374 0
 15.8 1 0.101604 11.0028 10 7.06249 -0.0895374 0
 15.8 2 19.8984 8.99724 10 -7.06249 0.0895374 0
 15.9 1 0.807853 10.9938 10 7.06249 -0.0895374 0
 15.9 2 19.1921 9.00619 10 -7.06249 0.0895374 0
 16 1 1.5141 10.9849 10 7.06249 -0.0895374 0
 16 2 18.4859 9.01515 10 -7.06249 0.0895374 0
 16.1 1 2.22035 10.9759 10 7.06249 -0.0895374 0
 16.1 2 17.7796 9.0241 10 -7.06249 0.0895374 0
 16.2 1 2.9266 10.9669 10 7.06249 -0.0895374 0
 16.2 2 17.0734 9.03305 10 -7.06249 0.0895374 0
 16.3 1 3.63285 10.958 10 7.06249 -0.0895374 0
 16.3 2 16.3672 9.04201 10 -7.06249 0.0895374 0
 16.4 1 4.3391 10.949 10 7.06249 -0.0895374 0
 16.4 2 15.6609 9.05096 10 -7.06249 0.0895374 0
 16.5 1 5.04535 10.9401 10 7.06249 -0.0895375 0
 16.5 2 14.9547 9.05992 10 -7.06249 0.0895375 0
 16.6 1 5.75159 10.9311 10 7.06249 -0.0895377 0
 16.6 2 14.2484 9.06887 10 -7.06249 0.0895377 0
 16.7 1 6.45784 10.9222 10 7.06249 -0.0895385 0
 16.7 2 13.5422 9.07782 10 -7.06249 0.0895385 0
 16.8 1 7.16409 10.9132 10 7.06249 -0.0895424 0
 16.8 2 12.8359 9.08678 10 -7.06249 0.0895424 0
 16.9 1 7.87034 10.9043 10 7.06249 -0.0895675 0
 16.9 2 12.1297 9.09573 10 -7.06249 0.0895675 0
 17 1 8.57659 10.8953 10 7.06248 -0.089837 0
 17 2 11.4234 9.1047 10 -7.06248 0.089837 0
 17.1 1 9.28284 10.8862 10 7.06242 -0.0950728 0
 17.1 2 10.7172 9.11382 10 -7.06242 0.0950728 0
 17.2 1 9.98904 10.8741 10 7.06105 -0.168372 0
 17.2 2 10.011 9.12585 10 -7.06105 0.168372 0
 17.3 1 10.695 10.8521 10 7.05859 -0.251057 0
 17.3 2 9.30501 9.14788 10 -7.05859 0.251057 0
 17.4 1 11.4008 10.8265 10 7.05835 -0.257833 0
 17.4 2 8.59916 9.17347 10 -7.05835 0.257833 0
 17.5 1 12.1067 10.8007 10 7.05834 -0.258169 0
 17.5 2 7.89333 9.19928 10 -7.05834 0.258169 0
 17.6 1 12.8125 10.7749 10 7.05834 -0.258199 0
 17.6 2 7.1875 9.2251 10 -7.05834 0.258199 0
 17.7 1 13.5183 10.7491 10 7.05833 -0.258203 0
 17.7 2 6.48166 9.25092 10 -7.05833 0.258203 0
 17.8 1 14.2242 10.7233 10 7.05833 -0.258204 0
 17.8 2 5.77583 9.27674 10 -7.05833 0.258204 0
 17.9 1 14.93 10.6974 10 7.05833 -0.258204 0
 17.9 2 5.07 9.30256 10 -7.05833 0.258204 0
 18 1 15.6358 10.6716 10 7.05833 -0.258204 0
 18 2 4.36416 9.32838 10 -7.05833 0.258204 0
 18.1 1 16.3417 10.6458 10 7.05833 -0.258204 0
 18.1 2 3.65833 9.3542 10 -7.05833 0.258204 0
 18.2 1 17.0475 10.62 10 7.05833 -0.258204 0
 18.2 2 2.9525 9.38002 10 -7.05833 0.258204 0
 18.3 1 17.7533 10.5942 10 7.05833 -0.258204 0
 18.3 2 2.24666 9.40584 10 -7.05833 0.258204 0
 18.4 1 18.4592 10.5683 10 7.05833 -0.258204 0
 18.4 2 1.54083 9.43166 10 -7.05833 0.258204 0
 18.5 1 19.165 10.5425 10 7.05833 -0.258204 0
 18.5 2 0.834996 9.45748 10 -7.05833 0.258204 0
 18.6 1 19.8708 10.5167 10 7.05833 -0.258204 0
 18.6 2 0.129162 9.4833 10 -7.05833 0.258204 0
 18.7 1 19.4233 10.4909 10 -7.05833 -0.258204 0
 18.7 2 0.576671 9.50912 10 7.05833 0.258204 0
 18.8 1 18.7175 10.4651 10 -7.05833 -0.258204 0
 18.8 2 1.2825 9.53494 10 7.05833 0.258204 0
 18.9 1 18.0187 10.4395 10 -7.05833 -0.258204 0
 18.9 2 1.98128 9.56051 10 7.05833 0.258204 0
 19 1 17.3129 10.4137 10 -7.05833 -0.258204 0
 19 2 2.68711 9.58633 10 7.05833 0.258204 0
 19.1 1 16.6071 10.3879 10 -7.05833 -0.258204 0
 19.1 2 3.39295 9.61215 10 7.05833 0.258204 0
 19.2 1 15.9012 10.362 10 -7.05833 -0.258204 0
 19.2 2 4.09878 9.63797 10 7.05833 0.258204 0
 19.3 1 15.1954 10.3362 10 -7.05833 -0.258204 0
 19.3 2 4.80461 9.66379 10 7.05833 0.258204 0
 19.4 1 14.4896 10.3104 10 -7.05833 -0.258204 0
 19.4 2 5.51045 9.68961 10 7.05833 0.258204 0
 19.5 1 13.7837 10.2846 10 -7.05833 -0.258204 0
 19.5 2 6.21628 9.71543 10 7.05833 0.258204 0
 19.6 1 13.0779 10.2587 10 -7.05833 -0.258205 0
 19.6 2 6.92211 9.74125 10 7.05833 0.258205 0
 19.7 1 12.3721 10.2329 10 -7.05833 -0.258208 0
 19.7 2 7.62795 9.76707 10 7.05833 0.258208 0
 19.8 1 11.6662 10.2071 10 -7.05833 -0.258249 0
 19.8 2 8.33378 9.79289 10 7.05833 0.258249 0
 19.9 1 10.9604 10.1812 10 -7.05826 -0.260179 0
 19.9 2 9.03961 9.81876 10 7.05826 0.260179 0
 20 1 10.3998 10.2753 10 4.14977 5.71543 0
 20 2 9.60016 9.72474 10 -4.14977 -5.71543 0
 20.1 1 10.8212 10.8421 10 4.2046 5.67522 0
 20.1 2 9.17879 9.15789 10 -4.2046 -5.67522 0
 20.2 1 11.2416 11.4097 10 4.20416 5.67554 0
 20.2 2 8.75836 8.59035 10 -4.20416 -5.67554 0
 20.3 1 11.6621 11.9772 10 4.20415 5.67555 0
 20.3 2 8.33795 8.02279 10 -4.20415 -5.67555 0
 20.4 1 12.0825 12.5448 10 4.20415 5.67555 0
 20.4 2 7.91753 7.45524 10 -4.20415 -5.67555 0
 20.5 1 12.5029 13.1123 10 4.20415 5.67555 0
 20.5 2 7.49712 6.88768 10 -4.20415 -5.67555 0
 20.6 1 12.9233 13.6799 10 4.20415 5.67555 0
 20.6 2 7.07671 6.32012 10 -4.20415 -5.67555 0
 20.7 1 13.3437 14.2474 10 4.20415 5.67555 0
 20.7 2 6.65629 5.75257 10 -4.20415 -5.67555 0
 20.8 1 13.7641 14.815 10 4.20415 5.67555 0
 20.8 2 6.23588 5.18501 10 -4.20415 -5.67555 0
 20.9 1 14.1845 15.3825 10 4.20415 5.67555 0
 20.9 2 5.81546 4.61746 10 -4.20415 -5.67555 0
 21 1 14.605 15.9501 10 4.20415 5.67555 0
 21 2 5.39505 4.0499 10 -4.20415 -5.67555 0
 21.1 1 15.0254 16.5177 10 4.20415 5.67555 0
 21.1 2 4.97463 3.48235 10 -4.20415 -5.67555 0
 21.2 1 15.4458 17.0852 10 4.20415 5.67555 0
 21.2 2 4.55422 2.91479 10 -4.20415 -5.67555 0
 21.3 1 15.8662 17.6528 10 4.20415 5.67555 0
 21.3 2 4.1338 2.34724 10 -4.20415 -5.67555 0
 21.4 1 16.2866 18.2203 10 4.20415 5.67555 0
 21.4 2 3.71339 1.77968 10 -4.20415 -5.67555 0
 21.5 1 16.707 18.7879 10 4.20415 5.67555 0
 21.5 2 3.29297 1.21213 10 -4.20415 -5.67555 0
 21.6 1 17.1274 19.3554 10 4.20415 5.67555 0
 21.6 2 2.87256 0.64457 10 -4.20415 -5.67555 0
 21.7 1 17.5479 19.923 10 4.20415 5.67555 0
 21.7 2 2.45215 0.0770149 10 -4.20415 -5.67555 0
 21.8 1 17.9683 19.5095 10 4.20415 -5.67555 0
 21.8 2 2.03173 0.490541 10 -4.20415 5.67555 0
 21.9 1 18.3887 18.9419 10 4.20415 -5.67555 0
 21.9 2 1.61132 1.0581 10 -4.20415 5.67555 0
 22 1 18.8091 18.3743 10 4.20415 -5.67555 0
 22 2 1.1909 1.62565 10 -4.20415 5.67555 0
 22.1 1 19.2295 17.8068 10 4.20415 -5.67555 0
 22.1 2 0.770487 2.19321 10 -4.20415 5.67555 0
 22.2 1 19.6499 17.2392 10 4.20415 -5.67555 0
 22.2 2 0.350072 2.76076 10 -4.20415 5.67555 0
 22.3 1 19.9297 16.6717 10 -4.20415 -5.67555 0
 22.3 2 0.0703422 3.32832 10 4.20415 5.67555 0
 22.4 1 19.5092 16.1041 10 -4.20415 -5.67555 0
 22.4 2 0.490757 3.89587 10 4.20415 5.67555 0
 22.5 1 19.0888 15.5366 10 -4.20415 -5.67555 0
 22.5 2 0.911171 4.46343 10 4.20415 5.67555 0
 22.6 1 18.6684 14.969 10 -4.20415 -5.67555 0
 22.6 2 1.33159 5.03098 10 4.20415 5.67555 0
 22.7 1 18.248 14.4015 10 -4.20415 -5.67555 0
 22.7 2 1.752 5.59854 10 4.20415 5.67555 0
 22.8 1 17.8276 13.8339 10 -4.20415 -5.67555 0
 22.8 2 2.17242 6.16609 10 4.20415 5.67555 0
 22.9 1 17.4072 13.2663 10 -4.20415 -5.67555 0
 22.9 2 2.59283 6.73365 10 4.20415 5.67555 0
 23 1 16.9868 12.6988 10 -4.20415 -5.67555 0
 23 2 3.01324 7.30121 10 4.20415 5.67555 0
 23.1 1 16.5663 12.1312 10 -4.20415 -5.67555 0
 23.1 2 3.43366 7.86876 10 4.20415 5.67555 0
 23.2 1 16.1459 11.5637 10 -4.20415 -5.67555 0
 23.2 2 3.85407 8.43632 10 4.20415 5.67555 0
 23.3 1 15.7255 10.9961 10 -4.20415 -5.67555 0
 23.3 2 4.27449 9.00387 10 4.20415 5.67555 0
 23.4 1 15.3051 10.4286 10 -4.20415 -5.67555 0
 23.4 2 4.6949 9.57143 10 4.20415 5.67555 0
 23.5 1 14.8847 9.86102 10 -4.20415 -5.67555 0
 23.5 2 5.11532 10.139 10 4.20415 5.67555 0
 23.6 1 14.4643 9.29346 10 -4.20415 -5.67555 0
 23.6 2 5.53573 10.7065 10 4.20415 5.67555 0
 23.7 1 14.0439 8.72591 10 -4.20415 -5.67555 0
 23.7 2 5.95615 11.2741 10 4.20415 5.67555 0
 23.8 1 13.6234 8.15835 10 -4.20415 -5.67555 0
 23.8 2 6.37656 11.8416 10 4.20415 5.67555 0
 23.9 1 13.203 7.5908 10 -4.20415 -5.67555 0
 23.9 2 6.79698 12.4092 10 4.20415 5.67555 0
 24 1 12.7826 7.02324 10 -4.20416 -5.67555 0
 24 2 7.21739 12.9768 10 4.20416 5.67555 0
 24.1 1 12.3622 6.45569 10 -4.20416 -5.67555 0
 24.1 2 7.63781 13.5443 10 4.20416 5.67555 0
 24.2 1 11.9418 5.88813 10 -4.20416 -5.67554 0
 24.2 2 8.05822 14.1119 10 4.20416 5.67554 0
 24.3 1 11.5214 5.32058 10 -4.20416 -5.67554 0
 24.3 2 8.47864 14.6794 10 4.20416 5.67554 0
 24.4 1 11.1009 4.75302 10 -4.20416 -5.67554 0
 24.4 2 8.89906 15.247 10 4.20416 5.67554 0
 24.5 1 10.6805 4.18547 10 -4.20416 -5.67554 0
 24.5 2 9.31947 15.8145 10 4.20416 5.67554 0
 24.6 1 10.2601 3.61792 10 -4.20416 -5.67554 0
 24.6 2 9.73989 16.3821 10 4.20416 5.67554 0
 24.7 1 9.8397 3.05036 10 -4.20416 -5.67554 0
 24.7 2 10.1603 16.9496 10 4.20416 5.67554 0
 24.8 1 9.41928 2.48281 10 -4.20416 -5.67554 0
 24.8 2 10.5807 17.5172 10 4.20416 5.67554 0
 24.9 1 8.99886 1.91525 10 -4.20416 -5.67554 0
 24.9 2 11.0011 18.0847 10 4.20416 5.67554 0
 25 1 8.57845 1.3477 10 -4.20416 -5.67554 0
 25 2 11.4216 18.6523 10 4.20416 5.67554 0
 25.1 1 8.15803 0.780143 10 -4.20416 -5.67554 0
 25.1 2 11.842 19.2199 10 4.20416 5.67554 0
 25.2 1 7.73762 0.212589 10 -4.20416 -5.67554 0
 25.2 2 12.2624 19.7874 10 4.20416 5.67554 0
 25.3 1 7.3172 0.354965 10 -4.20416 5.67554 0
 25.3 2 12.6828 19.645 10 4.20416 -5.67554 0
 25.4 1 6.89678 0.92252 10 -4.20416 5.67554 0
 25.4 2 13.1032 19.0775 10 4.20416 -5.67554 0
 25.5 1 6.47637 1.49007 10 -4.20416 5.67554 0
 25.5 2 13.5236 18.5099 10 4.20416 -5.67554 0
 25.6 1 6.05595 2.05763 10 -4.20416 5.67554 0
 25.6 2 13.944 17.9424 10 4.20416 -5.67554 0
 25.7 1 5.63553 2.62518 10 -4.20416 5.67554 0
 25.7 2 14.3645 17.3748 10 4.20416 -5.67554 0
 25.8 1 5.21512 3.19274 10 -4.20416 5.67554 0
 25.8 2 14.7849 16.8073 10 4.20416 -5.67554 0
 25.9 1 4.7947 3.76029 10 -4.20416 5.67554 0
 25.9 2 15.2053 16.2397 10 4.20416 -5.67554 0
 26 1 4.37429 4.32785 10 -4.20416 5.67554 0
 26 2 15.6257 15.6722 10 4.20416 -5.67554 0
 26.1 1 3.95387 4.8954 10 -4.20416 5.67554 0
 26.1 2 16.0461 15.1046 10 4.20416 -5.67554 0
 26.2 1 3.53345 5.46295 10 -4.20416 5.67554 0
 26.2 2 16.4665 14.537 10 4.20416 -5.67554 0
 26.3 1 3.11304 6.03051 10 -4.20416 5.67554 0
 26.3 2 16.887 13.9695 10 4.20416 -5.67554 0
 26.4 1 2.69262 6.59806 10 -4.20416 5.67554 0
 26.4 2 17.3074 13.4019 10 4.20416 -5.67554 0
 26.5 1 2.27221 7.16562 10 -4.20416 5.67554 0
 26.5 2 17.7278 12.8344 10 4.20416 -5.67554 0
 26.6 1 1.85179 7.73317 10 -4.20416 5.67554 0
 26.6 2 18.1482 12.2668 10 4.20416 -5.67554 0
 26.7 1 1.43137 8.30073 10 -4.20416 5.67554 0
 26.7 2 18.5686 11.6993 10 4.20416 -5.67554 0
 26.8 1 1.01096 8.86828 10 -4.20416 5.67554 0
 26.8 2 18.989 11.1317 10 4.20416 -5.67554 0
 26.9 1 0.590542 9.43583 10 -4.20416 5.67554 0
 26.9 2 19.4095 10.5642 10 4.20416 -5.67554 0
 27 1 0.170126 10.0034 10 -4.20416 5.67554 0
 27 2 19.8299 9.99661 10 4.20416 -5.67554 0
 27.1 1 0.25029 10.5709 10 4.20416 5.67554 0
 27.1 2 19.7497 9.42906 10 -4.20416 -5.67554 0
 27.2 1 0.670706 11.1385 10 4.20416 5.67554 0
 27.2 2 19.3293 8.8615 10 -4.20416 -5.67554 0
 27.3 1 1.09112 11.7061 10 4.20416 5.67554 0
 27.3 2 18.9089 8.29395 10 -4.20416 -5.67554 0
 27.4 1 1.51154 12.2736 10 4.20416 5.67554 0
 27.4 2 18.4885 7.72639 10 -4.20416 -5.67554 0
 27.5 1 1.93195 12.8412 10 4.20416 5.67554 0
 27.5 2 18.068 7.15884 10 -4.20416 -5.67554 0
 27.6 1 2.35237 13.4087 10 4.20416 5.67554 0
 27.6 2 17.6476 6.59129 10 -4.20416 -5.67554 0
 27.7 1 2.77279 13.9763 10 4.20416 5.67554 0
 27.7 2 17.2272 6.02373 10 -4.20416 -5.67554 0
 27.8 1 3.1932 14.5438 10 4.20416 5.67554 0
 27.8 2 16.8068 5.45618 10 -4.20416 -5.67554 0
 27.9 1 3.61362 15.1114 10 4.20416 5.67554 0
 27.9 2 16.3864 4.88862 10 -4.20416 -5.67554 0
 28 1 4.03403 15.6789 10 4.20416 5.67554 0
 28 2 15.966 4.32107 10 -4.20416 -5.67554 0
 28.1 1 4.45445 16.2465 10 4.20416 5.67554 0
 28.1 2 15.5455 3.75351 10 -4.20416 -5.67554 0
 28.2 1 4.87487 16.814 10 4.20416 5.67554 0
 28.2 2 15.1251 3.18596 10 -4.20416 -5.67554 0
 28.3 1 5.29528 17.3816 10 4.20416 5.67554 0
 28.3 2 14.7047 2.6184 10 -4.20416 -5.67554 0
 28.4 1 5.7157 17.9491 10 4.20416 5.67554 0
 28.4 2 14.2843 2.05085 10 -4.20416 -5.67554 0
 28.5 1 6.13612 18.5167 10 4.20416 5.67554 0
 28.5 2 13.8639 1.4833 10 -4.20416 -5.67554 0
 28.6 1 6.55653 19.0843 10 4.20416 5.67554 0
 28.6 2 13.4435 0.915742 10 -4.20416 -5.67554 0
 28.7 1 6.97695 19.6518 10 4.20416 5.67554 0
 28.7 2 13.0231 0.348188 10 -4.20416 -5.67554 0
 28.8 1 7.39736 19.7806 10 4.20416 -5.67554 0
 28.8 2 12.6026 0.219367 10 -4.20416 5.67554 0
 28.9 1 7.81778 19.2131 10 4.20416 -5.67554 0
 28.9 2 12.1822 0.786921 10 -4.20416 5.67554 0
 29 1 8.2382 18.6455 10 4.20416 -5.67554 0
 29 2 11.7618 1.35448 10 -4.20416 5.67554 0
 29.1 1 8.65861 18.078 10 4.20416 -5.67554 0
 29.1 2 11.3414 1.92203 10 -4.20416 5.67554 0
 29.2 1 9.07903 17.5104 10 4.20416 -5.67554 0
 29.2 2 10.921 2.48958 10 -4.20416 5.67554 0
 29.3 1 9.49944 16.9429 10 4.20416 -5.67554 0
 29.3 2 10.5006 3.05714 10 -4.20416 5.67554 0
 29.4 1 9.91986 16.3753 10 4.20416 -5.67554 0
 29.4 2 10.0801 3.62469 10 -4.20416 5.67554 0
 29.5 1 10.3403 15.8078 10 4.20416 -5.67554 0
 29.5 2 9.65972 4.19225 10 -4.20416 5.67554 0
 29.6 1 10.7607 15.2402 10 4.20416 -5.67554 0
 29.6 2 9.23931 4.7598 10 -4.20416 5.67554 0
 29.7 1 11.1811 14.6726 10 4.20416 -5.67554 0
 29.7 2 8.81889 5.32736 10 -4.20416 5.67554 0
 29.8 1 11.6015 14.1051 10 4.20416 -5.67554 0
 29.8 2 8.39848 5.89491 10 -4.20416 5.67554 0
 29.9 1 12.0219 13.5375 10 4.20416 -5.67555 0
 29.9 2 7.97806 6.46246 10 -4.20416 5.67555 0
 30 1 12.4424 12.97 10 4.20415 -5.67555 0
 30 2 7.55764 7.03002 10 -4.20415 5.67555 0
 30.1 1 12.8628 12.4024 10 4.20415 -5.67555 0
 30.1 2 7.13723 7.59757 10 -4.20415 5.67555 0
 30.2 1 13.2832 11.8349 10 4.20415 -5.67555 0
 30.2 2 6.71681 8.16513 10 -4.20415 5.67555 0
 30.3 1 13.7036 11.2673 10 4.20414 -5.67556 0
 30.3 2 6.2964 8.73268 10 -4.20414 5.67556 0
 30.4 1 14.124 10.6998 10 4.20414 -5.67556 0
 30.4 2 5.87599 9.30024 10 -4.20414 5.67556 0
 30.5 1 14.5444 10.1322 10 4.20414 -5.67556 0
 30.5 2 5.45557 9.8678 10 -4.20414 5.67556 0
 30.6 1 14.9648 9.56465 10 4.20414 -5.67556 0
 30.6 2 5.03516 10.4354 10 -4.20414 5.67556 0
 30.7 1 15.3853 8.99709 10 4.20414 -5.67556 0
 30.7 2 4.61474 11.0029 10 -4.20414 5.67556 0
 30.8 1 15.8057 8.42954 10 4.20414 -5.67556 0
 30.8 2 4.19433 11.5705 10 -4.20414 5.67556 0
 30.9 1 16.2261 7.86198 10 4.20414 -5.67556 0
 30.9 2 3.77392 12.138 10 -4.20414 5.67556 0
 31 1 16.6465 7.29442 10 4.20414 -5.67556 0
 31 2 3.3535 12.7056 10 -4.20414 5.67556 0
 31.1 1 17.0669 6.72687 10 4.20414 -5.67556 0
 31.1 2 2.93309 13.2731 10 -4.20414 5.67556 0
 31.2 1 17.4873 6.15931 10 4.20414 -5.67556 0
 31.2 2 2.51268 13.8407 10 -4.20414 5.67556 0
 31.3 1 17.9077 5.59176 10 4.20414 -5.67556 0
 31.3 2 2.09226 14.4082 10 -4.20414 5.67556 0
 31.4 1 18.3282 5.0242 10 4.20414 -5.67556 0
 31.4 2 1.67185 14.9758 10 -4.20414 5.67556 0
 31.5 1 18.7486 4.45664 10 4.20414 -5.67556 0
 31.5 2 1.25143 15.5434 10 -4.20414 5.67556 0
 31.6 1 19.169 3.88909 10 4.20414 -5.67556 0
 31.6 2 0.83102 16.1109 10 -4.20414 5.67556 0
 31.7 1 19.5894 3.32153 10 4.20414 -5.67556 0
 31.7 2 0.410606 16.6785 10 -4.20414 5.67556 0
 31.8 1 19.9902 2.75397 10 -4.20414 -5.67556 0
 31.8 2 0.00980729 17.246 10 4.20414 5.67556 0
 31.9 1 19.5698 2.18642 10 -4.20414 -5.67556 0
 31.9 2 0.430221 17.8136 10 4.20414 5.67556 0
 32 1 19.1494 1.61886 10 -4.20414 -5.67556 0
 32 2 0.850635 18.3811 10 4.20414 5.67556 0
 32.1 1 18.729 1.05131 10 -4.20414 -5.67556 0
 32.1 2 1.27105 18.9487 10 4.20414 5.67556 0
 32.2 1 18.3085 0.483751 10 -4.20414 -5.67556 0
 32.2 2 1.69146 19.5162 10 4.20414 5.67556 0
 32.3 1 17.8881 0.0838054 10 -4.20414 5.67556 0
 32.3 2 2.11188 19.9162 10 4.20414 -5.67556 0
 32.4 1 17.4677 0.651361 10 -4.20414 5.67556 0
 32.4 2 2.53229 19.3486 10 4.20414 -5.67556 0
 32.5 1 17.0473 1.21892 10 -4.20414 5.67556 0
 32.5 2 2.9527 18.7811 10 4.20414 -5.67556 0
 32.6 1 16.6269 1.78647 10 -4.20414 5.67556 0
 32.6 2 3.37312 18.2135 10 4.20414 -5.67556 0
 32.7 1 16.2065 2.35403 10 -4.20414 5.67556 0
 32.7 2 3.79353 17.646 10 4.20414 -5.67556 0
 32.8 1 15.7861 2.92159 10 -4.20414 5.67556 0
 32.8 2 4.21394 17.0784 10 4.20414 -5.67556 0
 32.9 1 15.3656 3.48914 10 -4.20414 5.67556 0
 32.9 2 4.63436 16.5109 10 4.20414 -5.67556 0
 33 1 14.9452 4.0567 10 -4.20414 5.67556 0
 33 2 5.05477 15.9433 10 4.20414 -5.67556 0
 33.1 1 14.5248 4.62425 10 -4.20414 5.67556 0
 33.1 2 5.47519 15.3757 10 4.20414 -5.67556 0
 33.2 1 14.1044 5.19181 10 -4.20414 5.67556 0
 33.2 2 5.8956 14.8082 10 4.20414 -5.67556 0
 33.3 1 13.684 5.75937 10 -4.20414 5.67556 0
 33.3 2 6.31601 14.2406 10 4.20414 -5.67556 0
 33.4 1 13.2636 6.32692 10 -4.20414 5.67556 0
 33.4 2 6.73643 13.6731 10 4.20414 -5.67556 0
 33.5 1 12.8432 6.89448 10 -4.20414 5.67556 0
 33.5 2 7.15684 13.1055 10 4.20414 -5.67556 0
 33.6 1 12.4227 7.46203 10 -4.20414 5.67556 0
 33.6 2 7.57725 12.538 10 4.20414 -5.67556 0
 33.7 1 12.0023 8.02959 10 -4.20414 5.67556 0
 33.7 2 7.99767 11.9704 10 4.20414 -5.67556 0
 33.8 1 11.5819 8.59715 10 -4.20416 5.67554 0
 33.8 2 8.41808 11.4029 10 4.20416 -5.67554 0
 33.9 1 11.1615 9.16469 10 -4.20448 5.67531 0
 33.9 2 8.83851 10.8353 10 4.20448 -5.67531 0
 34 1 10.7406 9.7319 10 -4.22715 5.65844 0
 34 2 9.25939 10.2681 10 4.22715 -5.65844 0
 34.1 1 10.4364 10.3421 10 0.261241 7.05822 0
 34.1 2 9.56357 9.65792 10 -0.261241 -7.05822 0
 34.2 1 10.4505 11.0482 10 0.0974125 7.06238 0
 34.2 2 9.54949 8.95178 10 -0.0974125 -7.06238 0
 34.3 1 10.4601 11.7545 10 0.0954531 7.06241 0
 34.3 2 9.53989 8.24554 10 -0.0954531 -7.06241 0
 34.4 1 10.4696 12.4607 10 0.0953836 7.06241 0
 34.4 2 9.53035 7.53929 10 -0.0953836 -7.06241 0
 34.5 1 10.4792 13.1669 10 0.095377 7.06241 0
 34.5 2 9.52081 6.83305 10 -0.095377 -7.06241 0
 34.6 1 10.4887 13.8732 10 0.0953759 7.06241 0
 34.6 2 9.51128 6.12681 10 -0.0953759 -7.06241 0
 34.7 1 10.4983 14.5794 10 0.0953756 7.06241 0
 34.7 2 9.50174 5.42057 10 -0.0953756 -7.06241 0
 34.8 1 10.5078 15.2857 10 0.0953756 7.06241 0
 34.8 2 9.4922 4.71433 10 -0.0953756 -7.06241 0
 34.9 1 10.5173 15.9919 10 0.0953755 7.06241 0
 34.9 2 9.48266 4.00809 10 -0.0953755 -7.06241 0
 35 1 10.5269 16.6982 10 0.0953755 7.06241 0
 35 2 9.47313 3.30185 10 -0.0953755 -7.06241 0
 35.1 1 10.5364 17.4044 10 0.0953755 7.06241 0
 35.1 2 9.46359 2.59561 10 -0.0953755 -7.06241 0
 35.2 1 10.5459 18.1106 10 0.0953755 7.06241 0
 35.2 2 9.45405 1.88936 10 -0.0953755 -7.06241 0
 35.3 1 10.5555 18.8169 10 0.0953755 7.06241 0
 35.3 2 9.44451 1.18312 10 -0.0953755 -7.06241 0
 35.4 1 10.565 19.5231 10 0.0953755 7.06241 0
 35.4 2 9.43498 0.476883 10 -0.0953755 -7.06241 0
 35.5 1 10.5746 19.7706 10 0.0953755 -7.06241 0
 35.5 2 9.42544 0.229359 10 -0.0953755 7.06241 0
 35.6 1 10.5841 19.0644 10 0.0953755 -7.06241 0
 35.6 2 9.4159 0.9356 10 -0.0953755 7.06241 0
 35.7 1 10.5936 18.3582 10 0.0953755 -7.06241 0
 35.7 2 9.40636 1.64184 10 -0.0953755 7.06241 0
 35.8 1 10.6032 17.6519 10 0.0953755 -7.06241 0
 35.8 2 9.39683 2.34808 10 -0.0953755 7.06241 0
 35.9 1 10.6127 16.9457 10 0.0953755 -7.06241 0
 35.9 2 9.38729 3.05432 10 -0.0953755 7.06241 0
 36 1 10.6222 16.2394 10 0.0953755 -7.06241 0
 36 2 9.37775 3.76056 10 -0.0953755 7.06241 0
 36.1 1 10.6318 15.5332 10 0.0953755 -7.06241 0
 36.1 2 9.36821 4.46681 10 -0.0953755 7.06241 0
 36.2 1 10.6413 14.827 10 0.0953754 -7.06241 0
 36.2 2 9.35868 5.17305 10 -0.0953754 7.06241 0
 36.3 1 10.6509 14.1207 10 0.0953751 -7.06241 0
 36.3 2 9.34914 5.87929 10 -0.0953751 7.06241 0
 36.4 1 10.6604 13.4145 10 0.0953742 -7.06241 0
 36.4 2 9.3396 6.58553 10 -0.0953742 7.06241 0
 36.5 1 10.6699 12.7082 10 0.0953692 -7.06241 0
 36.5 2 9.33006 7.29177 10 -0.0953692 7.06241 0
 36.6 1 10.6795 12.002 10 0.0953305 -7.06241 0
 36.6 2 9.32053 7.99801 10 -0.0953305 7.06241 0
 36.7 1 10.689 11.2957 10 0.0947613 -7.06242 0
 36.7 2 9.31101 8.70425 10 -0.0947613 7.06242 0
 36.8 1 10.698 10.5895 10 0.0747411 -7.06266 0
 36.8 2 9.302 9.4105 10 -0.0747411 7.06266 0
 36.9 1 10.6931 9.88328 10 -0.261466 -7.05821 0
 36.9 2 9.30689 10.1167 10 0.261466 7.05821 0
 37 1 10.6527 9.17816 10 -0.465983 -7.04767 0
 37 2 9.34732 10.8218 10 0.465983 7.04767 0
 37.1 1 10.6056 8.47343 10 -0.472631 -7.04722 0
 37.1 2 9.39441 11.5266 10 0.472631 7.04722 0
 37.2 1 10.5583 7.76871 10 -0.472872 -7.04721 0
 37.2 2 9.44169 12.2313 10 0.472872 7.04721 0
 37.3 1 10.511 7.06398 10 -0.472892 -7.04721 0
 37.3 2 9.48898 12.936 10 0.472892 7.04721 0
 37.4 1 10.4637 6.35926 10 -0.472895 -7.04721 0
 37.4 2 9.53627 13.6407 10 0.472895 7.04721 0
 37.5 1 10.4164 5.65454 10 -0.472896 -7.04721 0
 37.5 2 9.58356 14.3455 10 0.472896 7.04721 0
 37.6 1 10.3691 4.94982 10 -0.472896 -7.04721 0
 37.6 2 9.63085 15.0502 10 0.472896 7.04721 0
 37.7 1 10.3219 4.2451 10 -0.472896 -7.04721 0
 37.7 2 9.67814 15.7549 10 0.472896 7.04721 0
 37.8 1 10.2746 3.54038 10 -0.472896 -7.04721 0
 37.8 2 9.72543 16.4596 10 0.472896 7.04721 0
 37.9 1 10.2273 2.83566 10 -0.472896 -7.04721 0
 37.9 2 9.77272 17.1643 10 0.472896 7.04721 0
 38 1 10.18 2.13094 10 -0.472896 -7.04721 0
 38 2 9.82001 17.8691 10 0.472896 7.04721 0
 38.1 1 10.1327 1.42622 10 -0.472896 -7.04721 0
 38.1 2 9.8673 18.5738 10 0.472896 7.04721 0
 38.2 1 10.0854 0.721498 10 -0.472896 -7.04721 0
 38.2 2 9.91459 19.2785 10 0.472896 7.04721 0
 38.3 1 10.0381 0.0167778 10 -0.472896 -7.04721 0
 38.3 2 9.96188 19.9832 10 0.472896 7.04721 0
 38.4 1 9.99083 0.687943 10 -0.472896 7.04721 0
 38.4 2 10.0092 19.3121 10 0.472896 -7.04721 0
 38.5 1 9.94354 1.39266 10 -0.472896 7.04721 0
 38.5 2 10.0565 18.6073 10 0.472896 -7.04721 0
 38.6 1 9.89625 2.09738 10 -0.472896 7.04721 0
 38.6 2 10.1037 17.9026 10 0.472896 -7.04721 0
 38.7 1 9.84896 2.80211 10 -0.472896 7.04721 0
 38.7 2 10.151 17.1979 10 0.472896 -7.04721 0
 38.8 1 9.80167 3.50683 10 -0.472896 7.04721 0
 38.8 2 10.1983 16.4932 10 0.472896 -7.04721 0
 38.9 1 9.75438 4.21155 10 -0.472896 7.04721 0
 38.9 2 10.2456 15.7885 10 0.472896 -7.04721 0
 39 1 9.70662 4.92331 10 -0.472896 7.04721 0
 39 2 10.2934 15.0767 10 0.472896 -7.04721 0
 39.1 1 9.65933 5.62804 10 -0.472896 7.04721 0
 39.1 2 10.3407 14.372 10 0.472896 -7.04721 0
 39.2 1 9.61204 6.33276 10 -0.472895 7.04721 0
 39.2 2 10.388 13.6672 10 0.472895 -7.04721 0
 39.3 1 9.56475 7.03748 10 -0.472893 7.04721 0
 39.3 2 10.4352 12.9625 10 0.472893 -7.04721 0
 39.4 1 9.51746 7.7422 10 -0.472875 7.04721 0
 39.4 2 10.4825 12.2578 10 0.472875 -7.04721 0
 39.5 1 9.47018 8.44692 10 -0.472654 7.04722 0
 39.5 2 10.5298 11.5531 10 0.472654 -7.04722 0
 39.6 1 9.42308 9.15165 10 -0.465693 7.04769 0
 39.6 2 10.5769 10.8483 10 0.465693 -7.04769 0
 39.7 1 9.3847 9.85686 10 -0.17253 7.06095 0
 39.7 2 10.6153 10.1431 10 0.17253 -7.06095 0
 39.8 1 9.39946 10.5628 10 0.368187 7.05345 0
 39.8 2 10.6005 9.43718 10 -0.368187 -7.05345 0
 39.9 1 9.43896 11.268 10 0.402921 7.05155 0
 39.9 2 10.561 8.73198 10 -0.402921 -7.05155 0
 40 1 9.47931 11.9732 10 0.403653 7.05151 0
 40 2 10.5207 8.02683 10 -0.403653 -7.05151 0
 40.1 1 9.51967 12.6783 10 0.403696 7.05151 0
 40.1 2 10.4803 7.32168 10 -0.403696 -7.05151 0
 40.2 1 9.56004 13.3835 10 0.403701 7.05151 0
 40.2 2 10.44 6.61653 10 -0.403701 -7.05151 0
 40.3 1 9.60041 14.0886 10 0.403702 7.05151 0
 40.3 2 10.3996 5.91138 10 -0.403702 -7.05151 0
 40.4 1 9.64078 14.7938 10 0.403703 7.05151 0
 40.4 2 10.3592 5.20623 10 -0.403703 -7.05151 0
 40.5 1 9.68116 15.4989 10 0.403703 7.05151 0
 40.5 2 10.3188 4.50108 10 -0.403703 -7.05151 0
 40.6 1 9.72153 16.2041 10 0.403703 7.05151 0
 40.6 2 10.2785 3.79592 10 -0.403703 -7.05151 0
 40.7 1 9.7619 16.9092 10 0.403703 7.05151 0
 40.7 2 10.2381 3.09077 10 -0.403703 -7.05151 0
 40.8 1 9.80227 17.6144 10 0.403703 7.05151 0
 40.8 2 10.1977 2.38562 10 -0.403703 -7.05151 0
 40.9 1 9.84264 18.3195 10 0.403703 7.05151 0
 40.9 2 10.1574 1.68047 10 -0.403703 -7.05151 0
 41 1 9.88301 19.0247 10 0.403703 7.05151 0
 41 2 10.117 0.975321 10 -0.403703 -7.05151 0
 41.1 1 9.92338 19.7298 10 0.403703 7.05151 0
 41.1 2 10.0766 0.27017 10 -0.403703 -7.05151 0
 41.2 1 9.96375 19.565 10 0.403703 -7.05151 0
 41.2 2 10.0363 0.434981 10 -0.403703 7.05151 0
 41.3 1 10.0041 18.8599 10 0.403703 -7.05151 0
 41.3 2 9.99588 1.14013 10 -0.403703 7.05151 0
 41.4 1 10.0445 18.1547 10 0.403703 -7.05151 0
 41.4 2 9.95551 1.84528 10 -0.403703 7.05151 0
 41.5 1 10.0849 17.4496 10 0.403703 -7.05151 0
 41.5 2 9.91514 2.55043 10 -0.403703 7.05151 0
 41.6 1 10.1252 16.7444 10 0.403703 -7.05151 0
 41.6 2 9.87477 3.25558 10 -0.403703 7.05151 0
 41.7 1 10.1656 16.0393 10 0.403703 -7.05151 0
 41.7 2 9.8344 3.96074 10 -0.403703 7.05151 0
 41.8 1 10.206 15.3341 10 0.403703 -7.05151 0
 41.8 2 9.79403 4.66589 10 -0.403703 7.05151 0
 41.9 1 10.2463 14.629 10 0.403703 -7.05151 0
 41.9 2 9.75366 5.37104 10 -0.403703 7.05151 0
 42 1 10.2867 13.9238 10 0.403702 -7.05151 0
 42 2 9.71329 6.07619 10 -0.403702 7.05151 0
 42.1 1 10.3271 13.2187 10 0.403701 -7.05151 0
 42.1 2 9.67292 6.78134 10 -0.403701 7.05151 0
 42.2 1 10.3674 12.5135 10 0.403694 -7.05151 0
 42.2 2 9.63255 7.48649 10 -0.403694 7.05151 0
 42.3 1 10.4078 11.8084 10 0.403622 -7.05151 0
 42.3 2 9.59218 8.19164 10 -0.403622 7.05151 0
 42.4 1 10.4481 11.1032 10 0.401833 -7.05162 0
 42.4 2 9.55186 8.89679 10 -0.401833 7.05162 0
 42.5 1 10.4851 10.3979 10 0.248258 -7.05869 0
 42.5 2 9.51489 9.60212 10 -0.248258 7.05869 0
 42.6 1 10.5905 9.70296 10 1.70384 -6.85447 0
 42.6 2 9.40949 10.297 10 -1.70384 6.85447 0
 42.7 1 10.7525 9.01549 10 1.598 -6.87991 0
 42.7 2 9.24747 10.9845 10 -1.598 6.87991 0
 42.8 1 10.9122 8.32748 10 1.59674 -6.8802 0
 42.8 2 9.08777 11.6725 10 -1.59674 6.8802 0
 42.9 1 11.0719 7.63946 10 1.59669 -6.88021 0
 42.9 2 8.9281 12.3605 10 -1.59669 6.88021 0
 43 1 11.2316 6.95144 10 1.59668 -6.88022 0
 43 2 8.76843 13.0486 10 -1.59668 6.88022 0
 43.1 1 11.3912 6.26342 10 1.59668 -6.88022 0
 43.1 2 8.60876 13.7366 10 -1.59668 6.88022 0
 43.2 1 11.5509 5.5754 10 1.59668 -6.88022 0
 43.2 2 8.44909 14.4246 10 -1.59668 6.88022 0
 43.3 1 11.7106 4.88737 10 1.59668 -6.88022 0
 43.3 2 8.28942 15.1126 10 -1.59668 6.88022 0
 43.4 1 11.8702 4.19935 10 1.59668 -6.88022 0
 43.4 2 8.12975 15.8006 10 -1.59668 6.88022 0
 43.5 1 12.0299 3.51133 10 1.59668 -6.88022 0
 43.5 2 7.97009 16.4887 10 -1.59668 6.88022 0
 43.6 1 12.1896 2.82331 10 1.59668 -6.88022 0
 43.6 2 7.81042 17.1767 10 -1.59668 6.88022 0
 43.7 1 12.3492 2.13529 10 1.59668 -6.88022 0
 43.7 2 7.65075 17.8647 10 -1.59668 6.88022 0
 43.8 1 12.5089 1.44727 10 1.59668 -6.88022 0
 43.8 2 7.49108 18.5527 10 -1.59668 6.88022 0
 43.9 1 12.6686 0.759244 10 1.59668 -6.88022 0
 43.9 2 7.33141 19.2408 10 -1.59668 6.88022 0
 44 1 12.8283 0.0712223 10 1.59668 -6.88022 0
 44 2 7.17175 19.9288 10 -1.59668 6.88022 0
 44.1 1 12.9879 0.616799 10 1.59668 6.88022 0
 44.1 2 7.01208 19.3832 10 -1.59668 -6.88022 0
 44.2 1 13.1476 1.30482 10 1.59668 6.88022 0
 44.2 2 6.85241 18.6952 10 -1.59668 -6.88022 0
 44.3 1 13.3073 1.99284 10 1.59668 6.88022 0
 44.3 2 6.69274 18.0072 10 -1.59668 -6.88022 0
 44.4 1 13.4669 2.68086 10 1.59668 6.88022 0
 44.4 2 6.53307 17.3191 10 -1.59668 -6.88022 0
 44.5 1 13.6266 3.36889 10 1.59668 6.88022 0
 44.5 2 6.37341 16.6311 10 -1.59668 -6.88022 0
 44.6 1 13.7863 4.05691 10 1.59668 6.88022 0
 44.6 2 6.21374 15.9431 10 -1.59668 -6.88022 0
 44.7 1 13.9459 4.74493 10 1.59668 6.88022 0
 44.7 2 6.05407 15.2551 10 -1.59668 -6.88022 0
 44.8 1 14.1056 5.43295 10 1.59668 6.88022 0
 44.8 2 5.8944 14.567 10 -1.59668 -6.88022 0
 44.9 1 14.2653 6.12097 10 1.59668 6.88022 0
 44.9 2 5.73473 13.879 10 -1.59668 -6.88022 0
 45 1 14.4249 6.80899 10 1.59668 6.88022 0
 45 2 5.57507 13.191 10 -1.59668 -6.88022 0
 45.1 1 14.5846 7.49702 10 1.59668 6.88022 0
 45.1 2 5.4154 12.503 10 -1.59668 -6.88022 0
 45.2 1 14.7443 8.18504 10 1.59668 6.88022 0
 45.2 2 5.25573 11.815 10 -1.59668 -6.88022 0
 45.3 1 14.9039 8.87306 10 1.59668 6.88022 0
 45.3 2 5.09606 11.1269 10 -1.59668 -6.88022 0
 45.4 1 15.0636 9.56108 10 1.59668 6.88022 0
 45.4 2 4.93639 10.4389 10 -1.59668 -6.88022 0
 45.5 1 15.2233 10.2491 10 1.59668 6.88022 0
 45.5 2 4.77673 9.7509 10 -1.59668 -6.88022 0
 45.6 1 15.3829 10.9371 10 1.59668 6.88022 0
 45.6 2 4.61706 9.06288 10 -1.59668 -6.88022 0
 45.7 1 15.5426 11.6251 10 1.59668 6.88022 0
 45.7 2 4.45739 8.37485 10 -1.59668 -6.88022 0
 45.8 1 15.7023 12.3132 10 1.59668 6.88022 0
 45.8 2 4.29772 7.68683 10 -1.59668 -6.88022 0
 45.9 1 15.8619 13.0012 10 1.59668 6.88022 0
 45.9 2 4.13806 6.99881 10 -1.59668 -6.88022 0
 46 1 16.0216 13.6892 10 1.59668 6.88022 0
 46 2 3.97839 6.31079 10 -1.59668 -6.88022 0
 46.1 1 16.1813 14.3772 10 1.59668 6.88022 0
 46.1 2 3.81872 5.62277 10 -1.59668 -6.88022 0
 46.2 1 16.3409 15.0653 10 1.59668 6.88022 0
 46.2 2 3.65905 4.93475 10 -1.59668 -6.88022 0
 46.3 1 16.5006 15.7533 10 1.59668 6.88022 0
 46.3 2 3.49939 4.24672 10 -1.59668 -6.88022 0
 46.4 1 16.6603 16.4413 10 1.59668 6.88022 0
 46.4 2 3.33972 3.5587 10 -1.59668 -6.88022 0
 46.5 1 16.8199 17.1293 10 1.59668 6.88022 0
 46.5 2 3.18005 2.87068 10 -1.59668 -6.88022 0
 46.6 1 16.9796 17.8173 10 1.59668 6.88022 0
 46.6 2 3.02038 2.18266 10 -1.59668 -6.88022 0
 46.7 1 17.1393 18.5054 10 1.59668 6.88022 0
 46.7 2 2.86072 1.49464 10 -1.59668 -6.88022 0
 46.8 1 17.299 19.1934 10 1.59668 6.88022 0
 46.8 2 2.70105 0.806616 10 -1.59668 -6.88022 0
 46.9 1 17.4586 19.8814 10 1.59668 6.88022 0
 46.9 2 2.54138 0.118595 10 -1.59668 -6.88022 0
 47 1 17.6183 19.4306 10 1.59668 -6.88022 0
 47 2 2.38171 0.569427 10 -1.59668 6.88022 0
 47.1 1 17.778 18.7426 10 1.59668 -6.88022 0
 47.1 2 2.22205 1.25745 10 -1.59668 6.88022 0
 47.2 1 17.9376 18.0545 10 1.59668 -6.88022 0
 47.2 2 2.06238 1.94547 10 -1.59668 6.88022 0
 47.3 1 18.0973 17.3665 10 1.59668 -6.88022 0
 47.3 2 1.90271 2.63349 10 -1.59668 6.88022 0
 47.4 1 18.257 16.6785 10 1.59668 -6.88022 0
 47.4 2 1.74304 3.32151 10 -1.59668 6.88022 0
 47.5 1 18.4166 15.9905 10 1.59668 -6.88022 0
 47.5 2 1.58337 4.00954 10 -1.59668 6.88022 0
 47.6 1 18.5763 15.3024 10 1.59668 -6.88022 0
 47.6 2 1.42371 4.69756 10 -1.59668 6.88022 0
 47.7 1 18.736 14.6144 10 1.59668 -6.88022 0
 47.7 2 1.26404 5.38558 10 -1.59668 6.88022 0
 47.8 1 18.8956 13.9264 10 1.59668 -6.88022 0
 47.8 2 1.10437 6.0736 10 -1.59668 6.88022 0
 47.9 1 19.0553 13.2384 10 1.59668 -6.88022 0
 47.9 2 0.944705 6.76162 10 -1.59668 6.88022 0
 48 1 19.215 12.5504 10 1.59668 -6.88022 0
 48 2 0.785037 7.44964 10 -1.59668 6.88022 0
 48.1 1 19.3746 11.8623 10 1.59668 -6.88022 0
 48.1 2 0.625369 8.13767 10 -1.59668 6.88022 0
 48.2 1 19.5343 11.1743 10 1.59668 -6.88022 0
 48.2 2 0.465702 8.82569 10 -1.59668 6.88022 0
 48.3 1 19.694 10.4863 10 1.59668 -6.88022 0
 48.3 2 0.306034 9.51371 10 -1.59668 6.88022 0
 48.4 1 19.8536 9.79827 10 1.59668 -6.88022 0
 48.4 2 0.146367 10.2017 10 -1.59668 6.88022 0
 48.5 1 19.9867 9.11025 10 -1.59668 -6.88022 0
 48.5 2 0.013301 10.8898 10 1.59668 6.88022 0
 48.6 1 19.827 8.42223 10 -1.59668 -6.88022 0
 48.6 2 0.172969 11.5778 10 1.59668 6.88022 0
 48.7 1 19.6674 7.7342 10 -1.59668 -6.88022 0
 48.7 2 0.332636 12.2658 10 1.59668 6.88022 0
 48.8 1 19.5077 7.04618 10 -1.59668 -6.88022 0
 48.8 2 0.492304 12.9538 10 1.59668 6.88022 0
 48.9 1 19.348 6.35816 10 -1.59668 -6.88022 0
 48.9 2 0.651971 13.6418 10 1.59668 6.88022 0
 49 1 19.1884 5.67014 10 -1.59668 -6.88022 0
 49 2 0.811639 14.3299 10 1.59668 6.88022 0
 49.1 1 19.0287 4.98212 10 -1.59668 -6.88022 0
 49.1 2 0.971306 15.0179 10 1.59668 6.88022 0
 49.2 1 18.869 4.2941 10 -1.59668 -6.88022 0
 49.2 2 1.13097 15.7059 10 1.59668 6.88022 0
 49.3 1 18.7094 3.60607 10 -1.59668 -6.88022 0
 49.3 2 1.29064 16.3939 10 1.59668 6.88022 0
 49.4 1 18.5497 2.91805 10 -1.59668 -6.88022 0
 49.4 2 1.45031 17.0819 10 1.59668 6.88022 0
 49.5 1 18.39 2.23003 10 -1.59668 -6.88022 0
 49.5 2 1.60998 17.77 10 1.59668 6.88022 0
 49.6 1 18.2304 1.54201 10 -1.59668 -6.88022 0
 49.6 2 1.76964 18.458 10 1.59668 6.88022 0
 49.7 1 18.0707 0.853987 10 -1.59668 -6.88022 0
 49.7 2 1.92931 19.146 10 1.59668 6.88022 0
 49.8 1 17.911 0.165965 10 -1.59668 -6.88022 0
 49.8 2 2.08898 19.834 10 1.59668 6.88022 0
 49.9 1 17.7514 0.522056 10 -1.59668 6.88022 0
 49.9 2 2.24865 19.4779 10 1.59668 -6.88022 0
 50 1 17.5917 1.21008 10 -1.59668 6.88022 0
 50 2 2.40831 18.7899 10 1.59668 -6.88022 0
