      0             15
    0.1             15
    0.2             15
    0.3             15
    0.4             15
    0.5             15
    0.6             15
    0.7             15
    0.8             15
    0.9             15
      1             15
    1.1             15
    1.2             15
    1.3             15
    1.4             15
    1.5             15
    1.6             15
    1.7             15
    1.8             15
    1.9             15
      2             15
    2.1             15
    2.2             15
    2.3             15
    2.4             15
    2.5             15
    2.6             15
    2.7             15
    2.8             15
    2.9             15
      3             15
    3.1             15
    3.2             15
    3.3             15
    3.4             15
    3.5             15
    3.6             15
    3.7             15
    3.8             15
    3.9             15
      4             15
    4.1             15
    4.2             15
    4.3             15
    4.4             15
    4.5             15
    4.6             15
    4.7             15
    4.8             15
    4.9             15
      5             15
    5.1             15
    5.2             15
    5.3             15
    5.4             15
    5.5             15
    5.6             15
    5.7             15
    5.8             15
    5.9             15
      6             15
    6.1             15
    6.2             15
    6.3             15
    6.4             15
    6.5             15
    6.6             15
    6.7             15
    6.8             15
    6.9             15
      7             15
    7.1             15
    7.2             15
    7.3             15
    7.4             15
    7.5             15
    7.6             15
    7.7             15
    7.8             15
    7.9             15
      8             15
    8.1             15
    8.2             15
    8.3             15
    8.4             15
    8.5             15
    8.6             15
    8.7             15
    8.8             15
    8.9             15
      9             15
    9.1             15
    9.2             15
    9.3             15
    9.4             15
    9.5             15
    9.6             15
    9.7             15
    9.8             15
    9.9             15
     10             15
