      0        49.8868
    0.1         49.938
    0.2        49.9629
    0.3        49.7994
    0.4        49.9978
    0.5        49.9533
    0.6        49.8362
    0.7        50.1836
    0.8        49.7784
    0.9         49.745
      1        49.8941
    1.1        49.9437
    1.2        49.9679
    1.3        49.8395
    1.4        49.8129
    1.5        49.9389
    1.6         49.772
    1.7        49.8429
    1.8        49.7712
    1.9        49.9649
      2        49.9662
    2.1        49.9079
    2.2        50.1655
    2.3        50.0717
    2.4        49.7446
    2.5        49.6968
    2.6        49.8218
    2.7        49.7272
    2.8        49.8712
    2.9        49.7601
      3        50.0851
    3.1        49.9083
    3.2        49.9119
    3.3        49.8514
    3.4        49.8507
    3.5        49.7693
    3.6        49.9612
    3.7        49.9947
    3.8        49.8307
    3.9        50.1253
      4        49.8118
    4.1        49.8799
    4.2        49.5236
    4.3         49.966
    4.4        49.7171
    4.5        50.0118
    4.6        49.9451
    4.7        49.8216
    4.8        50.1077
    4.9        49.4951
      5        49.8679
    5.1        50.0783
    5.2        49.6574
    5.3        49.8741
    5.4        49.6789
    5.5        49.9133
    5.6        49.8048
    5.7        50.0168
    5.8        49.8526
    5.9        49.9935
      6        49.8098
    6.1        50.1034
    6.2        49.8737
    6.3        50.0723
    6.4         49.791
    6.5         50.633
    6.6        49.7106
    6.7        49.9201
    6.8        50.2035
    6.9        49.7302
      7        49.9672
    7.1          49.99
    7.2        49.9177
    7.3         49.505
    7.4        50.0813
    7.5        49.7292
    7.6        50.1148
    7.7        49.9554
    7.8        49.8409
    7.9        50.2035
      8        49.6697
    8.1        49.9263
    8.2        50.2213
    8.3         50.474
    8.4        49.9558
    8.5        49.9901
    8.6        50.0949
    8.7        49.6581
    8.8        50.3433
    8.9        49.9536
      9        49.6027
    9.1        49.9575
    9.2        49.5783
    9.3        49.6808
    9.4        49.9414
    9.5        49.8807
    9.6        49.7612
    9.7        50.0372
    9.8        49.6336
    9.9        50.0442
     10        49.7441
   10.1        49.9208
   10.2        50.1048
   10.3          49.68
   10.4        49.9532
   10.5        49.7216
   10.6        49.9556
   10.7         49.788
   10.8        50.1324
   10.9        50.6582
     11        49.8882
   11.1        49.8782
   11.2        49.7639
   11.3        49.9483
   11.4        49.9589
   11.5        50.1238
   11.6        49.9483
   11.7        50.0371
   11.8         49.811
   11.9        49.9894
     12        49.8163
   12.1        49.8273
   12.2        50.1651
   12.3        49.9223
   12.4        50.1226
   12.5        49.8508
   12.6        49.9082
   12.7        50.2107
   12.8         49.871
   12.9        49.8605
     13        50.0089
   13.1        50.4057
   13.2        50.0474
   13.3        49.6158
   13.4        49.3248
   13.5        50.1597
   13.6        49.8045
   13.7        49.9699
   13.8         49.969
   13.9        50.1372
     14        49.5583
   14.1        49.5995
   14.2        49.8606
   14.3        50.1779
   14.4        49.8477
   14.5        49.9958
   14.6        50.0402
   14.7        49.9189
   14.8        49.8044
   14.9         49.823
     15        50.0861
   15.1        49.9584
   15.2        49.7645
   15.3        50.2726
   15.4        49.7589
   15.5        49.9256
   15.6        50.1465
   15.7        50.1543
   15.8        49.7075
   15.9        49.9626
     16        49.7995
   16.1        50.0004
   16.2        49.7791
   16.3        49.6184
   16.4        50.6511
   16.5        50.0006
   16.6        49.8713
   16.7        50.2723
   16.8        49.9444
   16.9        50.1068
     17        50.0495
   17.1         49.826
   17.2          49.89
   17.3        49.9467
   17.4        49.8819
   17.5        49.6732
   17.6        50.0381
   17.7        50.3393
   17.8         49.656
   17.9        49.9603
     18        49.8792
   18.1        49.8366
   18.2        49.5268
   18.3         49.769
   18.4        49.6834
   18.5        50.0377
   18.6        50.0313
   18.7        50.0605
   18.8        50.0439
   18.9        50.0189
     19        49.6805
   19.1        49.8915
   19.2        49.9904
   19.3        49.6976
   19.4        49.8119
   19.5        49.9322
   19.6        50.1779
   19.7        50.1586
   19.8        49.8013
   19.9        49.9439
     20        49.7026
   20.1        49.9513
   20.2        50.2194
   20.3        50.0594
   20.4        49.6335
   20.5        49.8734
   20.6         49.709
   20.7        50.0622
   20.8        50.2214
   20.9        49.6683
     21        49.6642
   21.1        49.7565
   21.2        49.9273
   21.3        50.0041
   21.4        50.0572
   21.5        49.6418
   21.6        50.7226
   21.7        49.8472
   21.8        49.8866
   21.9        50.1603
     22        49.5832
   22.1        49.6964
   22.2          49.55
   22.3        49.9529
   22.4        50.1064
   22.5        49.9152
   22.6        50.0292
   22.7        49.5527
   22.8        49.7279
   22.9        49.6636
     23        49.9575
   23.1        50.0005
   23.2        50.1041
   23.3        49.7713
   23.4        49.9873
   23.5        49.9917
   23.6        49.9211
   23.7        49.7196
   23.8        50.0878
   23.9        50.0786
     24         49.863
   24.1        49.8784
   24.2        50.0058
   24.3        49.3919
   24.4        50.2518
   24.5        49.9495
   24.6         50.172
   24.7        49.5515
   24.8        49.5664
   24.9        50.0305
     25        49.9619
   25.1        50.1739
   25.2        49.8787
   25.3        50.0113
   25.4        50.1287
   25.5        49.6411
   25.6        50.2285
   25.7        49.6299
   25.8        50.0179
   25.9        49.6889
     26        49.8679
   26.1        50.3794
   26.2        49.8539
   26.3        49.1478
   26.4        50.0467
   26.5        49.7649
   26.6        50.0445
   26.7        49.7116
   26.8        49.7423
   26.9        49.7544
     27        49.9783
   27.1        49.8162
   27.2        50.1279
   27.3        49.8337
   27.4        49.7973
   27.5        50.1572
   27.6        50.1082
   27.7        49.7491
   27.8        49.7797
   27.9        49.7956
     28        49.6732
   28.1        50.0139
   28.2        49.9679
   28.3         49.766
   28.4         50.207
   28.5        49.5851
   28.6        49.8872
   28.7        49.8166
   28.8        49.8158
   28.9        49.9741
     29        49.8505
   29.1        50.3185
   29.2        50.0607
   29.3        50.3555
   29.4        50.2781
   29.5        49.3664
   29.6        49.9375
   29.7        49.9405
   29.8        49.9372
   29.9        49.7921
     30        49.7124
   30.1        49.9662
   30.2        50.0203
   30.3        50.2193
   30.4        50.1781
   30.5        49.5648
   30.6        49.8178
   30.7        49.8447
   30.8         49.929
   30.9        50.0092
     31         49.671
   31.1        50.1035
   31.2        50.0648
   31.3        49.8838
   31.4        49.7398
   31.5        50.0461
   31.6        49.8976
   31.7        50.0007
   31.8        49.5532
   31.9        49.7761
     32        49.8021
   32.1        49.5903
   32.2        49.6948
   32.3        49.9487
   32.4        49.7394
   32.5        49.9539
   32.6        50.0101
   32.7        49.3348
   32.8        50.2469
   32.9        50.0623
     33        49.9059
   33.1        49.9798
   33.2        49.5881
   33.3        49.8881
   33.4        49.6576
   33.5        50.0673
   33.6        50.2102
   33.7        49.4527
   33.8        49.6411
   33.9        49.6554
     34        50.0931
   34.1        49.8949
   34.2        49.8481
   34.3        49.6332
   34.4        50.0145
   34.5        50.5098
   34.6        50.1435
   34.7        49.2644
   34.8        49.9548
   34.9        49.6073
     35        50.0553
   35.1        49.8048
   35.2         49.888
   35.3        50.2035
   35.4        49.6922
   35.5        49.9665
   35.6        50.0601
   35.7        49.8847
   35.8        50.0643
   35.9        50.3232
     36        50.0225
   36.1        50.2405
   36.2        49.9612
   36.3        49.9148
   36.4         49.976
   36.5        49.8572
   36.6        49.9006
   36.7        49.9097
   36.8        49.7711
   36.9        49.7751
     37        50.1169
   37.1         49.732
   37.2        49.6841
   37.3        49.8606
   37.4        50.0779
   37.5        49.6048
   37.6        49.9012
   37.7        50.0764
   37.8        49.8823
   37.9         49.667
     38        50.0138
   38.1        50.0069
   38.2        49.9288
   38.3        50.0506
   38.4        49.8094
   38.5        50.0259
   38.6        49.4997
   38.7        49.6865
   38.8        49.8724
   38.9        49.7742
     39        49.2946
   39.1        49.8021
   39.2        49.8627
   39.3        49.5528
   39.4        49.8066
   39.5        49.8997
   39.6        49.1524
   39.7        49.5703
   39.8         49.637
   39.9        49.8823
     40        49.8005
   40.1        49.9989
   40.2        50.0155
   40.3        49.9426
   40.4        50.2162
   40.5        49.6372
   40.6        49.7558
   40.7         49.766
   40.8        49.7058
   40.9        49.6666
     41        49.6878
   41.1         49.992
   41.2        49.8038
   41.3        50.0389
   41.4        50.1237
   41.5        49.7635
   41.6        49.8396
   41.7        49.9334
   41.8        49.6957
   41.9        49.3513
     42        49.9569
   42.1        50.0326
   42.2        49.7498
   42.3        50.0958
   42.4        49.5338
   42.5        50.0598
   42.6        49.9416
   42.7        49.7243
   42.8        50.1656
   42.9        49.8107
     43        50.0221
   43.1        49.9193
   43.2        49.7852
   43.3        49.9344
   43.4        49.8178
   43.5        50.0047
   43.6         49.962
   43.7        49.6611
   43.8         49.829
   43.9        49.9132
     44        49.7762
   44.1        50.0167
   44.2        50.3854
   44.3        49.8902
   44.4        49.7527
   44.5        49.8542
   44.6        50.0934
   44.7        50.0206
   44.8         49.893
   44.9        49.7673
     45        49.9658
   45.1         49.947
   45.2        49.6609
   45.3        49.9025
   45.4        49.9192
   45.5        50.0936
   45.6        49.7292
   45.7        49.9332
   45.8        50.0251
   45.9        49.5758
     46        49.4854
   46.1        49.7298
   46.2        50.0905
   46.3        50.1491
   46.4        49.9563
   46.5        49.7919
   46.6         49.755
   46.7        49.8989
   46.8        49.7326
   46.9        50.0105
     47        49.5875
   47.1        49.8956
   47.2        50.1487
   47.3        49.7392
   47.4         50.022
   47.5        50.2139
   47.6        49.9137
   47.7        49.6913
   47.8        49.6258
   47.9        49.7603
     48        49.5312
   48.1        49.9676
   48.2        49.8497
   48.3        49.7559
   48.4        49.9015
   48.5        50.1142
   48.6        50.0851
   48.7        49.7703
   48.8          49.92
   48.9        49.9353
     49         50.142
   49.1        49.8881
   49.2        49.7985
   49.3        49.6255
   49.4        49.7657
   49.5        49.9274
   49.6        49.9725
   49.7        49.9258
   49.8         49.871
   49.9        49.9231
     50        50.0409
