      0            2.5
    0.1        7.75969
    0.2        17.6749
    0.3        26.1997
    0.4        3.67777
    0.5        23.1065
    0.6         22.995
    0.7        11.4752
    0.8        4.32722
    0.9        1.30625
      1        1.56934
    1.1         5.2452
    1.2        13.2165
    1.3        25.0002
    1.4        19.1118
    1.5        8.96653
    1.6        28.5916
    1.7        17.4112
    1.8        7.69341
    1.9        2.62398
      2        1.01666
    2.1        2.36546
    2.2        7.08429
    2.3        16.3469
    2.4        28.2199
    2.5         12.833
    2.6        17.7313
    2.7        28.4848
    2.8        15.9033
    2.9        6.94282
      3         2.3935
    3.1       0.992639
    3.2        2.28778
    3.3        6.68491
    3.4        15.4167
    3.5        28.1203
    3.6        20.0605
    3.7        12.1603
    3.8        31.4203
    3.9        18.8358
      4        8.77603
    4.1        3.36522
    4.2        1.14828
    4.3        1.41265
    4.4        4.23687
    4.5        10.5078
    4.6        21.6763
    4.7        32.4645
    4.8        4.55057
    4.9         29.464
      5        28.2722
    5.1        15.0611
    5.2        6.83121
    5.3        2.58425
    5.4       0.998757
    5.5          1.568
    5.6        4.46538
    5.7        10.6063
    5.8        21.5991
    5.9        34.0434
      6        8.10639
    6.1        28.5588
    6.2        30.9226
    6.3        17.0363
    6.4        8.16271
    6.5        3.39717
    6.6        1.25182
    6.7        1.05367
    6.8        2.73869
    6.9        6.82132
      7        14.5875
    7.1        27.6031
    7.2        34.6957
    7.3        2.03709
    7.4        37.4305
    7.5         27.533
    7.6        14.6669
    7.7        7.11992
    7.8        3.06217
    7.9        1.20167
      8       0.981343
    8.1        2.33516
    8.2        5.65398
    8.3        11.9707
    8.4         23.129
    8.5         37.323
    8.6         12.846
    8.7        29.5913
    8.8        35.3502
    8.9        20.3538
      9        10.6493
    9.1         5.2002
    9.2        2.27606
    9.3       0.997586
    9.4         1.0149
    9.5        2.33002
    9.6         5.2973
    9.7        10.8018
    9.8        20.5786
    9.9        35.7968
     10        29.1645
   10.1        15.7463
   10.2        41.0317
   10.3        25.6081
   10.4        14.0724
   10.5        7.46026
   10.6        3.71552
   10.7        1.69699
   10.8       0.867865
   10.9        1.02749
     11        2.21137
   11.1        4.70812
   11.2        9.20367
   11.3        17.1068
   11.4        30.5664
   11.5         42.383
   11.6        2.21566
   11.7        43.2769
   11.8        34.2156
   11.9        19.7244
     12        11.1166
   12.1        6.15101
   12.2        3.24659
   12.3        1.61171
   12.4       0.866116
   12.5       0.853465
   12.6        1.57013
   12.7        3.16341
   12.8        5.99791
   12.9        10.8335
     13        19.1909
   13.1        33.3503
   13.2        44.3788
   13.3         1.8207
   13.4        46.7472
   13.5        35.0282
   13.6        20.6021
   13.7        12.1324
   13.8        7.17852
   13.9        4.17615
     14        2.34046
   14.1        1.27547
   14.2       0.783234
   14.3       0.780136
   14.4        1.26507
   14.5        2.31895
   14.6        4.13522
   14.7        7.10088
   14.8        11.9813
   14.9        20.3008
     15        34.5021
   15.1        47.3484
   15.2        2.00933
   15.3        49.0959
   15.4        37.7942
   15.5          22.78
   15.6        13.9783
   15.7        8.79721
   15.8        5.58748
   15.9        3.52308
     16         2.1793
   16.1        1.32805
   16.2       0.844914
   16.3       0.666154
   16.4       0.769315
   16.5        1.16684
   16.6        1.90953
   16.7        3.10152
   16.8        4.93469
   16.9        7.76272
     17        12.2632
   17.1        19.7863
   17.2        32.7903
   17.3        49.6088
   17.4        11.2383
   17.5        46.4265
   17.6        44.0736
   17.7        27.2947
   17.8        17.2562
   17.9        11.3903
     18        7.75093
   18.1        5.36603
   18.2        3.73958
   18.3         2.6029
   18.4        1.80217
   18.5        1.24574
   18.6       0.877905
   18.7       0.665391
   18.8       0.590228
   18.9       0.645018
     19       0.835227
   19.1        1.17673
   19.2        1.69978
   19.3        2.45541
   19.4        3.52753
   19.5        5.05609
   19.6        7.28325
   19.7        10.6507
   19.8        16.0142
   19.9         25.092
     20        40.6345
   20.1        52.0014
   20.2         2.8278
   20.3        56.0601
   20.4        40.2579
   20.5        25.4776
   20.6        16.9924
   20.7        11.9364
   20.8        8.71396
   20.9        6.53869
     21        5.00258
   21.1        3.87951
   21.2        3.03647
   21.3         2.3912
   21.4        1.89069
   21.5        1.49961
   21.6         1.1938
   21.7       0.956404
   21.8       0.775566
   21.9       0.642958
     22       0.552849
   22.1       0.501525
   22.2       0.486934
   22.3       0.508491
   22.4       0.567032
   22.5       0.664885
   22.6       0.806085
   22.7       0.996763
   22.8        1.24578
   22.9        1.56573
     23        1.97452
   23.1        2.49786
   23.2        3.17351
   23.3        4.05837
   23.4        5.24124
   23.5        6.86666
   23.6        9.18245
   23.7        12.6399
   23.8        18.1167
   23.9        27.3936
     24        43.3928
   24.1        54.8437
   24.2        3.65449
   24.3        59.3799
   24.4        42.3038
   24.5        27.4682
   24.6        19.0277
   24.7        13.9991
   24.8        10.7833
   24.9        8.59946
     25        7.04361
   25.1        5.89194
   25.2        5.01271
   25.3        4.32425
   25.4        3.77365
   25.5        3.32543
   25.6        2.95494
   25.7        2.64469
   25.8        2.38191
   25.9        2.15709
     26        1.96307
   26.1         1.7943
   26.2        1.64647
   26.3        1.51618
   26.4        1.40069
   26.5        1.29781
   26.6        1.20574
   26.7          1.123
   26.8        1.04836
   26.9       0.980805
     27       0.919465
   27.1       0.863614
   27.2       0.812631
   27.3       0.765983
   27.4       0.723215
   27.5        0.68393
   27.6       0.647786
   27.7       0.614485
   27.8       0.583764
   27.9       0.555395
     28       0.529176
   28.1       0.504928
   28.2       0.482493
   28.3       0.461733
   28.4       0.442522
   28.5        0.42475
   28.6       0.408317
   28.7       0.393135
   28.8       0.379126
   28.9       0.366218
     29       0.354349
   29.1       0.343461
   29.2       0.333504
   29.3       0.324433
   29.4       0.316208
   29.5       0.308793
   29.6       0.302156
   29.7        0.29627
   29.8        0.29111
   29.9       0.286655
     30       0.282887
   30.1       0.279791
   30.2       0.277356
   30.3       0.275571
   30.4       0.274429
   30.5       0.273926
   30.6       0.274061
   30.7       0.274833
   30.8       0.276245
   30.9       0.278304
     31       0.281016
   31.1       0.284393
   31.2       0.288448
   31.3       0.293197
   31.4        0.29866
   31.5       0.304858
   31.6       0.311817
   31.7       0.319567
   31.8        0.32814
   31.9       0.337575
     32       0.347914
   32.1       0.359203
   32.2       0.371496
   32.3       0.384852
   32.4       0.399338
   32.5       0.415026
   32.6       0.431999
   32.7       0.450351
   32.8       0.470184
   32.9       0.491614
     33       0.514772
   33.1       0.539805
   33.2       0.566878
   33.3       0.596178
   33.4       0.627918
   33.5       0.662338
   33.6       0.699715
   33.7       0.740363
   33.8       0.784645
   33.9       0.832979
     34        0.88585
   34.1       0.943823
   34.2        1.00756
   34.3        1.07783
   34.4        1.15557
   34.5        1.24187
   34.6        1.33805
   34.7        1.44569
   34.8        1.56675
   34.9        1.70362
     35        1.85926
   35.1         2.0374
   35.2        2.24278
   35.3        2.48152
   35.4        2.76159
   35.5        3.09361
   35.6        3.49195
   35.7        3.97651
   35.8        4.57552
   35.9        5.33013
     36        6.30243
   36.1        7.58978
   36.2        9.35203
   36.3        11.8664
   36.4        15.6458
   36.5        21.7049
   36.6        32.1228
   36.7        49.8832
   36.8        51.9837
   36.9        18.0479
     37        61.1416
   37.1         41.362
   37.2        27.8837
   37.3        20.2712
   37.4        15.6909
   37.5        12.7327
   37.6        10.7082
   37.7        9.25779
   37.8        8.18017
   37.9        7.35575
     38        6.70978
   38.1        6.19347
   38.2        5.77389
   38.3        5.42805
   38.4        5.13951
   38.5        4.89625
   38.6        4.68928
   38.7        4.51175
   38.8        4.35841
   38.9        4.22511
     39         4.1075
   39.1        4.00524
   39.2        3.91499
   39.3        3.83498
   39.4         3.7638
   39.5        3.70025
   39.6        3.64334
   39.7        3.59221
   39.8        3.54616
   39.9        3.50458
     40        3.46695
   40.1        3.43282
   40.2         3.4018
   40.3        3.37355
   40.4        3.34778
   40.5        3.32423
   40.6        3.30268
   40.7        3.28293
   40.8        3.26479
   40.9        3.24812
     41        3.23278
   41.1        3.21865
   41.2         3.2056
   41.3        3.19355
   41.4        3.18241
   41.5         3.1721
   41.6        3.16255
   41.7        3.15368
   41.8        3.14546
   41.9        3.13781
     42         3.1307
   42.1        3.12408
   42.2        3.11792
   42.3        3.11217
   42.4        3.10681
   42.5         3.1018
   42.6        3.09712
   42.7        3.09275
   42.8        3.08866
   42.9        3.08482
     43        3.08123
   43.1        3.07786
   43.2        3.07471
   43.3        3.07174
   43.4        3.06896
   43.5        3.06634
   43.6        3.06388
   43.7        3.06156
   43.8        3.05938
   43.9        3.05733
     44         3.0554
   44.1        3.05357
   44.2        3.05185
   44.3        3.05023
   44.4        3.04869
   44.5        3.04725
   44.6        3.04588
   44.7        3.04458
   44.8        3.04336
   44.9         3.0422
     45         3.0411
   45.1        3.04006
   45.2        3.03908
   45.3        3.03814
   45.4        3.03726
   45.5        3.03642
   45.6        3.03562
   45.7        3.03486
   45.8        3.03414
   45.9        3.03346
     46        3.03281
   46.1        3.03219
   46.2         3.0316
   46.3        3.03104
   46.4        3.03051
   46.5        3.03001
   46.6        3.02952
   46.7        3.02906
   46.8        3.02862
   46.9         3.0282
     47        3.02781
   47.1        3.02743
   47.2        3.02706
   47.3        3.02672
   47.4        3.02638
   47.5        3.02607
   47.6        3.02577
   47.7        3.02548
   47.8         3.0252
   47.9        3.02494
     48        3.02468
   48.1        3.02444
   48.2        3.02421
   48.3        3.02399
   48.4        3.02378
   48.5        3.02357
   48.6        3.02338
   48.7        3.02319
   48.8        3.02301
   48.9        3.02284
     49        3.02267
   49.1        3.02252
   49.2        3.02236
   49.3        3.02222
   49.4        3.02208
   49.5        3.02195
   49.6        3.02182
   49.7        3.02169
   49.8        3.02157
   49.9        3.02146
     50        3.02135
