      0           0.25
    0.1       0.250372
    0.2       0.250791
    0.3       0.251263
    0.4       0.251795
    0.5       0.252394
    0.6       0.253068
    0.7       0.253825
    0.8       0.254675
    0.9       0.255626
      1       0.256691
    1.1        0.25789
    1.2       0.259212
    1.3       0.260679
    1.4       0.262301
    1.5       0.264087
    1.6       0.266047
    1.7       0.268188
    1.8       0.270516
    1.9       0.273033
      2        0.27574
    2.1       0.278634
    2.2        0.28171
    2.3       0.284958
    2.4       0.288364
    2.5       0.291913
    2.6       0.295584
    2.7       0.299356
    2.8       0.303204
    2.9       0.307102
      3       0.311025
    3.1       0.314947
    3.2       0.318843
    3.3        0.32269
    3.4       0.326468
    3.5        0.33016
    3.6       0.333752
    3.7       0.337233
    3.8       0.340597
    3.9        0.34384
      4       0.346963
    4.1        0.34997
    4.2       0.352868
    4.3       0.355668
    4.4       0.358382
    4.5       0.361026
    4.6        0.36362
    4.7       0.366184
    4.8       0.368742
    4.9       0.371322
      5       0.373929
    5.1       0.376649
    5.2       0.379497
    5.3       0.382519
    5.4       0.385769
    5.5       0.389312
    5.6       0.393225
    5.7       0.397602
    5.8       0.402561
    5.9        0.40825
      6       0.414859
    6.1       0.422641
    6.2       0.431932
    6.3       0.443197
    6.4       0.457097
    6.5       0.474598
    6.6       0.497171
    6.7       0.527164
    6.8       0.568544
    6.9       0.628512
      7       0.721427
    7.1       0.879783
    7.2        1.19108
    7.3        1.94613
    7.4        3.19901
    7.5        3.42827
    7.6        1.91123
    7.7        1.23451
    7.8       0.946026
    7.9       0.793155
      8       0.699926
    8.1       0.637712
    8.2       0.593684
    8.3       0.561298
    8.4       0.536863
    8.5       0.518117
    8.6       0.503576
    8.7       0.492212
    8.8       0.483285
    8.9       0.476244
      9       0.470674
    9.1       0.466255
    9.2       0.462738
    9.3       0.459932
    9.4       0.457687
    9.5       0.455884
    9.6       0.454433
    9.7       0.453259
    9.8       0.452308
    9.9       0.451528
     10       0.450897
   10.1        0.45038
   10.2       0.449955
   10.3       0.449604
   10.4       0.449313
   10.5       0.449072
   10.6        0.44887
   10.7       0.448701
   10.8       0.448559
   10.9        0.44844
     11       0.448339
   11.1       0.448253
   11.2        0.44818
   11.3       0.448118
   11.4       0.448065
   11.5       0.448019
   11.6        0.44798
   11.7       0.447946
   11.8       0.447917
   11.9       0.447891
     12       0.447869
   12.1        0.44785
   12.2       0.447833
   12.3       0.447818
   12.4       0.447805
   12.5       0.447794
   12.6       0.447784
   12.7       0.447775
   12.8       0.447767
   12.9        0.44776
     13       0.447754
   13.1       0.447748
   13.2       0.447743
   13.3       0.447739
   13.4       0.447735
   13.5       0.447731
   13.6       0.447728
   13.7       0.447725
   13.8       0.447723
   13.9       0.447721
     14       0.447719
   14.1       0.447717
   14.2       0.447715
   14.3       0.447713
   14.4       0.447712
   14.5       0.447711
   14.6        0.44771
   14.7       0.447709
   14.8       0.447708
   14.9       0.447707
     15       0.447706
   15.1       0.447705
   15.2       0.447704
   15.3       0.447704
   15.4       0.447703
   15.5       0.447703
   15.6       0.447702
   15.7       0.447702
   15.8       0.447701
   15.9       0.447701
     16       0.447701
   16.1         0.4477
   16.2         0.4477
   16.3         0.4477
   16.4         0.4477
   16.5       0.447699
   16.6       0.447699
   16.7       0.447699
   16.8       0.447699
   16.9       0.447699
     17       0.447698
   17.1       0.447698
   17.2       0.447698
   17.3       0.447698
   17.4       0.447698
   17.5       0.447698
   17.6       0.447698
   17.7       0.447698
   17.8       0.447697
   17.9       0.447697
     18       0.447697
   18.1       0.447697
   18.2       0.447697
   18.3       0.447697
   18.4       0.447697
   18.5       0.447697
   18.6       0.447697
   18.7       0.447697
   18.8       0.447697
   18.9       0.447697
     19       0.447697
   19.1       0.447697
   19.2       0.447697
   19.3       0.447697
   19.4       0.447697
   19.5       0.447697
   19.6       0.447697
   19.7       0.447696
   19.8       0.447696
   19.9       0.447696
     20       0.447696
   20.1       0.447696
   20.2       0.447696
   20.3       0.447696
   20.4       0.447696
   20.5       0.447696
   20.6       0.447696
   20.7       0.447696
   20.8       0.447696
   20.9       0.447696
     21       0.447696
   21.1       0.447696
   21.2       0.447696
   21.3       0.447696
   21.4       0.447696
   21.5       0.447696
   21.6       0.447696
   21.7       0.447696
   21.8       0.447696
   21.9       0.447696
     22       0.447696
   22.1       0.447696
   22.2       0.447696
   22.3       0.447696
   22.4       0.447696
   22.5       0.447696
   22.6       0.447696
   22.7       0.447696
   22.8       0.447696
   22.9       0.447696
     23       0.447696
   23.1       0.447696
   23.2       0.447696
   23.3       0.447696
   23.4       0.447696
   23.5       0.447696
   23.6       0.447696
   23.7       0.447696
   23.8       0.447696
   23.9       0.447696
     24       0.447696
   24.1       0.447696
   24.2       0.447696
   24.3       0.447696
   24.4       0.447696
   24.5       0.447696
   24.6       0.447696
   24.7       0.447696
   24.8       0.447696
   24.9       0.447696
     25       0.447696
   25.1       0.447696
   25.2       0.447696
   25.3       0.447696
   25.4       0.447697
   25.5       0.447697
   25.6       0.447697
   25.7       0.447697
   25.8       0.447697
   25.9       0.447697
     26       0.447697
   26.1       0.447697
   26.2       0.447697
   26.3       0.447697
   26.4       0.447697
   26.5       0.447697
   26.6       0.447697
   26.7       0.447697
   26.8       0.447697
   26.9       0.447697
     27       0.447697
   27.1       0.447697
   27.2       0.447697
   27.3       0.447697
   27.4       0.447698
   27.5       0.447698
   27.6       0.447698
   27.7       0.447698
   27.8       0.447698
   27.9       0.447698
     28       0.447698
   28.1       0.447698
   28.2       0.447698
   28.3       0.447698
   28.4       0.447699
   28.5       0.447699
   28.6       0.447699
   28.7       0.447699
   28.8       0.447699
   28.9       0.447699
     29         0.4477
   29.1         0.4477
   29.2         0.4477
   29.3         0.4477
   29.4       0.447701
   29.5       0.447701
   29.6       0.447701
   29.7       0.447702
   29.8       0.447702
   29.9       0.447702
     30       0.447703
   30.1       0.447703
   30.2       0.447704
   30.3       0.447704
   30.4       0.447705
   30.5       0.447705
   30.6       0.447706
   30.7       0.447706
   30.8       0.447707
   30.9       0.447708
     31       0.447708
   31.1       0.447709
   31.2        0.44771
   31.3       0.447711
   31.4       0.447712
   31.5       0.447713
   31.6       0.447714
   31.7       0.447715
   31.8       0.447716
   31.9       0.447718
     32       0.447719
   32.1       0.447721
   32.2       0.447722
   32.3       0.447724
   32.4       0.447726
   32.5       0.447728
   32.6        0.44773
   32.7       0.447732
   32.8       0.447734
   32.9       0.447736
     33       0.447739
   33.1       0.447741
   33.2       0.447744
   33.3       0.447747
   33.4        0.44775
   33.5       0.447754
   33.6       0.447757
   33.7        0.44776
   33.8       0.447764
   33.9       0.447768
     34       0.447772
   34.1       0.447776
   34.2        0.44778
   34.3       0.447785
   34.4       0.447789
   34.5       0.447794
   34.6       0.447798
   34.7       0.447803
   34.8       0.447807
   34.9       0.447812
     35       0.447817
   35.1       0.447822
   35.2       0.447826
   35.3       0.447831
   35.4       0.447835
   35.5       0.447839
   35.6       0.447843
   35.7       0.447847
   35.8        0.44785
   35.9       0.447854
     36       0.447857
   36.1       0.447859
   36.2       0.447861
   36.3       0.447863
   36.4       0.447865
   36.5       0.447865
   36.6       0.447866
   36.7       0.447866
   36.8       0.447866
   36.9       0.447865
     37       0.447864
   37.1       0.447862
   37.2        0.44786
   37.3       0.447858
   37.4       0.447855
   37.5       0.447852
   37.6       0.447848
   37.7       0.447845
   37.8       0.447841
   37.9       0.447836
     38       0.447832
   38.1       0.447828
   38.2       0.447823
   38.3       0.447819
   38.4       0.447814
   38.5       0.447809
   38.6       0.447804
   38.7         0.4478
   38.8       0.447795
   38.9       0.447791
     39       0.447786
   39.1       0.447782
   39.2       0.447777
   39.3       0.447773
   39.4       0.447769
   39.5       0.447765
   39.6       0.447762
   39.7       0.447758
   39.8       0.447755
   39.9       0.447751
     40       0.447748
   40.1       0.447745
   40.2       0.447742
   40.3        0.44774
   40.4       0.447737
   40.5       0.447735
   40.6       0.447732
   40.7        0.44773
   40.8       0.447728
   40.9       0.447726
     41       0.447724
   41.1       0.447723
   41.2       0.447721
   41.3        0.44772
   41.4       0.447718
   41.5       0.447717
   41.6       0.447716
   41.7       0.447714
   41.8       0.447713
   41.9       0.447712
     42       0.447711
   42.1        0.44771
   42.2       0.447709
   42.3       0.447709
   42.4       0.447708
   42.5       0.447707
   42.6       0.447706
   42.7       0.447706
   42.8       0.447705
   42.9       0.447705
     43       0.447704
   43.1       0.447704
   43.2       0.447703
   43.3       0.447703
   43.4       0.447702
   43.5       0.447702
   43.6       0.447702
   43.7       0.447701
   43.8       0.447701
   43.9       0.447701
     44         0.4477
   44.1         0.4477
   44.2         0.4477
   44.3         0.4477
   44.4         0.4477
   44.5       0.447699
   44.6       0.447699
   44.7       0.447699
   44.8       0.447699
   44.9       0.447699
     45       0.447699
   45.1       0.447698
   45.2       0.447698
   45.3       0.447698
   45.4       0.447698
   45.5       0.447698
   45.6       0.447698
   45.7       0.447698
   45.8       0.447698
   45.9       0.447698
     46       0.447697
   46.1       0.447697
   46.2       0.447697
   46.3       0.447697
   46.4       0.447697
   46.5       0.447697
   46.6       0.447697
   46.7       0.447697
   46.8       0.447697
   46.9       0.447697
     47       0.447697
   47.1       0.447697
   47.2       0.447697
   47.3       0.447697
   47.4       0.447697
   47.5       0.447697
   47.6       0.447697
   47.7       0.447697
   47.8       0.447697
   47.9       0.447697
     48       0.447696
   48.1       0.447696
   48.2       0.447696
   48.3       0.447696
   48.4       0.447696
   48.5       0.447696
   48.6       0.447696
   48.7       0.447696
   48.8       0.447696
   48.9       0.447696
     49       0.447696
   49.1       0.447696
   49.2       0.447696
   49.3       0.447696
   49.4       0.447696
   49.5       0.447696
   49.6       0.447696
   49.7       0.447696
   49.8       0.447696
   49.9       0.447696
     50       0.447696
