 0 49.8868
 0.1 49.8868
 0.2 49.8868
 0.3 49.8868
 0.4 49.8868
 0.5 49.8868
 0.6 49.8868
 0.7 49.8868
 0.8 49.8868
 0.9 49.8868
 1 49.8868
 1.1 49.8868
 1.2 49.8868
 1.3 49.8868
 1.4 49.8868
 1.5 49.8868
 1.6 49.8868
 1.7 49.8868
 1.8 49.8868
 1.9 49.8868
 2 49.8868
 2.1 49.8868
 2.2 49.8868
 2.3 49.8868
 2.4 49.8868
 2.5 49.8868
 2.6 49.8868
 2.7 49.8868
 2.8 49.8868
 2.9 49.8868
 3 49.8868
 3.1 49.8868
 3.2 49.8868
 3.3 49.8868
 3.4 49.8868
 3.5 49.8868
 3.6 49.8868
 3.7 49.8868
 3.8 49.8868
 3.9 49.8868
 4 49.8868
 4.1 49.8868
 4.2 49.8868
 4.3 49.8868
 4.4 49.8868
 4.5 49.8868
 4.6 49.8868
 4.7 49.8868
 4.8 49.8868
 4.9 49.8868
 5 49.8868
 5.1 49.8868
 5.2 49.8868
 5.3 49.8868
 5.4 49.8868
 5.5 49.8868
 5.6 49.8868
 5.7 49.8868
 5.8 49.8868
 5.9 49.8868
 6 49.8868
 6.1 49.8868
 6.2 49.8868
 6.3 49.8868
 6.4 49.8868
 6.5 49.8868
 6.6 49.8868
 6.7 49.8868
 6.8 49.8868
 6.9 49.8868
 7 49.8868
 7.1 49.8868
 7.2 49.8868
 7.3 49.8868
 7.4 49.8868
 7.5 49.8868
 7.6 49.8868
 7.7 49.8868
 7.8 49.8868
 7.9 49.8868
 8 49.8868
 8.1 49.8868
 8.2 49.8868
 8.3 49.8868
 8.4 49.8868
 8.5 49.8868
 8.6 49.8868
 8.7 49.8868
 8.8 49.8868
 8.9 49.8868
 9 49.8868
 9.1 49.8868
 9.2 49.8868
 9.3 49.8868
 9.4 49.8868
 9.5 49.8868
 9.6 49.8868
 9.7 49.8868
 9.8 49.8868
 9.9 49.8868
 10 49.8868
 10.1 49.8868
 10.2 49.8868
 10.3 49.8868
 10.4 49.8868
 10.5 49.8868
 10.6 49.8868
 10.7 49.8868
 10.8 49.8868
 10.9 49.8868
 11 49.8868
 11.1 49.8868
 11.2 49.8868
 11.3 49.8868
 11.4 49.8868
 11.5 49.8868
 11.6 49.8868
 11.7 49.8868
 11.8 49.8868
 11.9 49.8868
 12 49.8868
 12.1 49.8868
 12.2 49.8868
 12.3 49.8868
 12.4 49.8868
 12.5 49.8868
 12.6 49.8868
 12.7 49.8868
 12.8 49.8868
 12.9 49.8868
 13 49.8868
 13.1 49.8868
 13.2 49.8868
 13.3 49.8868
 13.4 49.8868
 13.5 49.8868
 13.6 49.8868
 13.7 49.8868
 13.8 49.8868
 13.9 49.8868
 14 49.8868
 14.1 49.8868
 14.2 49.8868
 14.3 49.8868
 14.4 49.8868
 14.5 49.8868
 14.6 49.8868
 14.7 49.8868
 14.8 49.8868
 14.9 49.8868
 15 49.8868
 15.1 49.8868
 15.2 49.8868
 15.3 49.8868
 15.4 49.8868
 15.5 49.8868
 15.6 49.8868
 15.7 49.8868
 15.8 49.8868
 15.9 49.8868
 16 49.8868
 16.1 49.8868
 16.2 49.8868
 16.3 49.8868
 16.4 49.8868
 16.5 49.8868
 16.6 49.8868
 16.7 49.8868
 16.8 49.8868
 16.9 49.8868
 17 49.8868
 17.1 49.8868
 17.2 49.8868
 17.3 49.8868
 17.4 49.8868
 17.5 49.8868
 17.6 49.8868
 17.7 49.8868
 17.8 49.8868
 17.9 49.8868
 18 49.8868
 18.1 49.8868
 18.2 49.8868
 18.3 49.8868
 18.4 49.8868
 18.5 49.8868
 18.6 49.8868
 18.7 49.8868
 18.8 49.8868
 18.9 49.8868
 19 49.8868
 19.1 49.8868
 19.2 49.8868
 19.3 49.8868
 19.4 49.8868
 19.5 49.8868
 19.6 49.8868
 19.7 49.8868
 19.8 49.8868
 19.9 49.8868
 20 49.8868
 20.1 49.8868
 20.2 49.8868
 20.3 49.8868
 20.4 49.8868
 20.5 49.8868
 20.6 49.8868
 20.7 49.8868
 20.8 49.8868
 20.9 49.8868
 21 49.8868
 21.1 49.8868
 21.2 49.8868
 21.3 49.8868
 21.4 49.8868
 21.5 49.8868
 21.6 49.8868
 21.7 49.8868
 21.8 49.8868
 21.9 49.8868
 22 49.8868
 22.1 49.8868
 22.2 49.8868
 22.3 49.8868
 22.4 49.8868
 22.5 49.8868
 22.6 49.8868
 22.7 49.8868
 22.8 49.8868
 22.9 49.8868
 23 49.8868
 23.1 49.8868
 23.2 49.8868
 23.3 49.8868
 23.4 49.8868
 23.5 49.8868
 23.6 49.8868
 23.7 49.8868
 23.8 49.8868
 23.9 49.8868
 24 49.8868
 24.1 49.8868
 24.2 49.8868
 24.3 49.8868
 24.4 49.8868
 24.5 49.8868
 24.6 49.8868
 24.7 49.8868
 24.8 49.8868
 24.9 49.8868
 25 49.8868
 25.1 49.8868
 25.2 49.8868
 25.3 49.8868
 25.4 49.8868
 25.5 49.8868
 25.6 49.8868
 25.7 49.8868
 25.8 49.8868
 25.9 49.8868
 26 49.8868
 26.1 49.8868
 26.2 49.8868
 26.3 49.8868
 26.4 49.8868
 26.5 49.8868
 26.6 49.8868
 26.7 49.8868
 26.8 49.8868
 26.9 49.8868
 27 49.8868
 27.1 49.8868
 27.2 49.8868
 27.3 49.8868
 27.4 49.8868
 27.5 49.8868
 27.6 49.8868
 27.7 49.8868
 27.8 49.8868
 27.9 49.8868
 28 49.8868
 28.1 49.8868
 28.2 49.8868
 28.3 49.8868
 28.4 49.8868
 28.5 49.8868
 28.6 49.8868
 28.7 49.8868
 28.8 49.8868
 28.9 49.8868
 29 49.8868
 29.1 49.8868
 29.2 49.8868
 29.3 49.8868
 29.4 49.8868
 29.5 49.8868
 29.6 49.8868
 29.7 49.8868
 29.8 49.8868
 29.9 49.8868
 30 49.8868
 30.1 49.8868
 30.2 49.8868
 30.3 49.8868
 30.4 49.8868
 30.5 49.8868
 30.6 49.8868
 30.7 49.8868
 30.8 49.8868
 30.9 49.8868
 31 49.8868
 31.1 49.8868
 31.2 49.8868
 31.3 49.8868
 31.4 49.8868
 31.5 49.8868
 31.6 49.8868
 31.7 49.8868
 31.8 49.8868
 31.9 49.8868
 32 49.8868
 32.1 49.8868
 32.2 49.8868
 32.3 49.8868
 32.4 49.8868
 32.5 49.8868
 32.6 49.8868
 32.7 49.8868
 32.8 49.8868
 32.9 49.8868
 33 49.8868
 33.1 49.8868
 33.2 49.8868
 33.3 49.8868
 33.4 49.8868
 33.5 49.8868
 33.6 49.8868
 33.7 49.8868
 33.8 49.8868
 33.9 49.8868
 34 49.8868
 34.1 49.8868
 34.2 49.8868
 34.3 49.8868
 34.4 49.8868
 34.5 49.8868
 34.6 49.8868
 34.7 49.8868
 34.8 49.8868
 34.9 49.8868
 35 49.8868
 35.1 49.8868
 35.2 49.8868
 35.3 49.8868
 35.4 49.8868
 35.5 49.8868
 35.6 49.8868
 35.7 49.8868
 35.8 49.8868
 35.9 49.8868
 36 49.8868
 36.1 49.8868
 36.2 49.8868
 36.3 49.8868
 36.4 49.8868
 36.5 49.8868
 36.6 49.8868
 36.7 49.8868
 36.8 49.8868
 36.9 49.8868
 37 49.8868
 37.1 49.8868
 37.2 49.8868
 37.3 49.8868
 37.4 49.8868
 37.5 49.8868
 37.6 49.8868
 37.7 49.8868
 37.8 49.8868
 37.9 49.8868
 38 49.8868
 38.1 49.8868
 38.2 49.8868
 38.3 49.8868
 38.4 49.8868
 38.5 49.8868
 38.6 49.8868
 38.7 49.8868
 38.8 49.8868
 38.9 49.8868
 39 49.8868
 39.1 49.8868
 39.2 49.8868
 39.3 49.8868
 39.4 49.8868
 39.5 49.8868
 39.6 49.8868
 39.7 49.8868
 39.8 49.8868
 39.9 49.8868
 40 49.8868
 40.1 49.8868
 40.2 49.8868
 40.3 49.8868
 40.4 49.8868
 40.5 49.8868
 40.6 49.8868
 40.7 49.8868
 40.8 49.8868
 40.9 49.8868
 41 49.8868
 41.1 49.8868
 41.2 49.8868
 41.3 49.8868
 41.4 49.8868
 41.5 49.8868
 41.6 49.8868
 41.7 49.8868
 41.8 49.8868
 41.9 49.8868
 42 49.8868
 42.1 49.8868
 42.2 49.8868
 42.3 49.8868
 42.4 49.8868
 42.5 49.8868
 42.6 49.8868
 42.7 49.8868
 42.8 49.8868
 42.9 49.8868
 43 49.8868
 43.1 49.8868
 43.2 49.8868
 43.3 49.8868
 43.4 49.8868
 43.5 49.8868
 43.6 49.8868
 43.7 49.8868
 43.8 49.8868
 43.9 49.8868
 44 49.8868
 44.1 49.8868
 44.2 49.8868
 44.3 49.8868
 44.4 49.8868
 44.5 49.8868
 44.6 49.8868
 44.7 49.8868
 44.8 49.8868
 44.9 49.8868
 45 49.8868
 45.1 49.8868
 45.2 49.8868
 45.3 49.8868
 45.4 49.8868
 45.5 49.8868
 45.6 49.8868
 45.7 49.8868
 45.8 49.8868
 45.9 49.8868
 46 49.8868
 46.1 49.8868
 46.2 49.8868
 46.3 49.8868
 46.4 49.8868
 46.5 49.8868
 46.6 49.8868
 46.7 49.8868
 46.8 49.8868
 46.9 49.8868
 47 49.8868
 47.1 49.8868
 47.2 49.8868
 47.3 49.8868
 47.4 49.8868
 47.5 49.8868
 47.6 49.8868
 47.7 49.8868
 47.8 49.8868
 47.9 49.8868
 48 49.8868
 48.1 49.8868
 48.2 49.8868
 48.3 49.8868
 48.4 49.8868
 48.5 49.8868
 48.6 49.8868
 48.7 49.8868
 48.8 49.8868
 48.9 49.8868
 49 49.8868
 49.1 49.8868
 49.2 49.8868
 49.3 49.8868
 49.4 49.8868
 49.5 49.8868
 49.6 49.8868
 49.7 49.8868
 49.8 49.8868
 49.9 49.8868
 50 49.8868
