 0 0
 0.1 1.07846e-05
 0.2 4.32043e-05
 0.3 9.74583e-05
 0.4 0.000173882
 0.5 0.00027295
 0.6 0.000395285
 0.7 0.000541668
 0.8 0.000713045
 0.9 0.000910547
 1 0.0011355
 1.1 0.00139215
 1.2 0.00167723
 1.3 0.00199521
 1.4 0.00234848
 1.5 0.00273978
 1.6 0.00317228
 1.7 0.00364962
 1.8 0.00417598
 1.9 0.00475619
 2 0.00539584
 2.1 0.00610141
 2.2 0.00688045
 2.3 0.00774181
 2.4 0.00869583
 2.5 0.00975479
 2.6 0.0109332
 2.7 0.0122485
 2.8 0.0137215
 2.9 0.0153776
 3 0.0172478
 3.1 0.0193702
 3.2 0.0217925
 3.3 0.0245745
 3.4 0.0277927
 3.5 0.0315459
 3.6 0.0359637
 3.7 0.0412195
 3.8 0.0475495
 3.9 0.0552829
 4 0.0648911
 4.1 0.0770701
 4.2 0.0928867
 4.3 0.114049
 4.4 0.143451
 4.5 0.186339
 4.6 0.253147
 4.7 0.367311
 4.8 0.591531
 4.9 1.14164
 5 2.76271
 5.1 2.48042
 5.2 1.54009
 5.3 0.727104
 5.4 0.428458
 5.5 0.286227
 5.6 0.206459
 5.7 0.156712
 5.8 0.123316
 5.9 0.0996534
 6 0.0821846
 6.1 0.0688649
 6.2 0.058441
 6.3 0.050107
 6.4 0.0433237
 6.5 0.0377185
 6.6 0.0330265
 6.7 0.0290547
 6.8 0.0256598
 6.9 0.022733
 7 0.020191
 7.1 0.0179684
 7.2 0.0160136
 7.3 0.0142856
 7.4 0.0127509
 7.5 0.0113824
 7.6 0.0101576
 7.7 0.00905815
 7.8 0.00806847
 7.9 0.00717558
 8 0.00636847
 8.1 0.0056378
 8.2 0.0049756
 8.3 0.00437502
 8.4 0.00383018
 8.5 0.003336
 8.6 0.00288806
 8.7 0.00248255
 8.8 0.00211614
 8.9 0.00178596
 9 0.00148948
 9.1 0.00122453
 9.2 0.000989206
 9.3 0.000781873
 9.4 0.000601124
 9.5 0.000445758
 9.6 0.000314765
 9.7 0.000207305
 9.8 0.000122698
 9.9 5.99062e-05
 10 1.97839e-05
 10.1 1.35192e-06
 10.2 4.49733e-06
 10.3 2.92394e-05
 10.4 7.57299e-05
 10.5 0.000144255
 10.6 0.00023524
 10.7 0.000349255
 10.8 0.000487023
 10.9 0.000649429
 11 0.000837538
 11.1 0.00105261
 11.2 0.0012961
 11.3 0.00156973
 11.4 0.00187547
 11.5 0.00221559
 11.6 0.0025927
 11.7 0.00300981
 11.8 0.00347036
 11.9 0.00397835
 12 0.00453834
 12.1 0.00515565
 12.2 0.0058364
 12.3 0.00658774
 12.4 0.00741801
 12.5 0.00833698
 12.6 0.00935618
 12.7 0.0104892
 12.8 0.0117525
 12.9 0.0131654
 13 0.0147516
 13.1 0.0165398
 13.2 0.0185654
 13.3 0.0208723
 13.4 0.0235154
 13.5 0.0265647
 13.6 0.0301099
 13.7 0.0342682
 13.8 0.0391954
 13.9 0.0451018
 14 0.0522784
 14.1 0.0611375
 14.2 0.0722806
 14.3 0.0866166
 14.4 0.105576
 14.5 0.131531
 14.6 0.168666
 14.7 0.225007
 14.8 0.317714
 14.9 0.489542
 15 0.873436
 15.1 2.00602
 15.2 0.0665965
 15.3 2.15105
 15.4 0.91849
 15.5 0.507488
 15.6 0.326697
 15.7 0.230198
 15.8 0.171967
 15.9 0.133777
 16 0.107184
 16.1 0.0878125
 16.2 0.073198
 16.3 0.0618589
 16.4 0.0528575
 16.5 0.0455747
 16.6 0.0395872
 16.7 0.034597
 16.8 0.0303888
 16.9 0.0268035
 17 0.0237216
 17.1 0.0210516
 17.2 0.0187224
 17.3 0.016678
 17.4 0.0148739
 17.5 0.0132741
 17.6 0.0118495
 17.7 0.0105761
 17.8 0.00943422
 17.9 0.00840726
 18 0.00748144
 18.1 0.0066451
 18.2 0.00588834
 18.3 0.00520273
 18.4 0.00458105
 18.5 0.00401709
 18.6 0.0035055
 18.7 0.00304165
 18.8 0.00262152
 18.9 0.00224523
 19 0.00190217
 19.1 0.00159368
 19.2 0.00131749
 19.3 0.00107157
 19.4 0.000854223
 19.5 0.000663943
 19.6 0.000499462
 19.7 0.0003597
 19.8 0.000243757
 19.9 0.000150897
 20 8.0539e-05
 20.1 3.22453e-05
 20.2 5.71856e-06
 20.3 7.95911e-07
 20.4 1.74473e-05
 20.5 5.57746e-05
 20.6 0.000116014
 20.7 0.000198537
 20.8 0.00030386
 20.9 0.000432646
 21 0.000585719
 21.1 0.000764075
 21.2 0.000968896
 21.3 0.00120157
 21.4 0.00146371
 21.5 0.00175719
 21.6 0.00208415
 21.7 0.00244709
 21.8 0.00284886
 21.9 0.00329272
 22 0.00378246
 22.1 0.00432242
 22.2 0.00491761
 22.3 0.00557385
 22.4 0.00629787
 22.5 0.00709755
 22.6 0.00798209
 22.7 0.00896231
 22.8 0.010051
 22.9 0.0112635
 23 0.0126178
